
Year          X     XX         PRED   PETD   CLDD   DTRD   TMPD   TMND   TMXD   VAPD   WETD    FRSD
16-JAN-1960 00 /  709:   46.6  3.500  53.70  13.60  23.00  16.20  29.80  19.60   9.26  0.0000
15-FEB-1960 00 /  710:  120.3  3.700  58.60  12.70  24.00  17.70  30.40  19.80  12.59  0.0000
16-MAR-1960 00 /  711:  118.4  3.500  66.90  12.20  23.50  17.40  29.60  20.80  13.37  0.0000
16-APR-1960 00 /  712:  164.6  2.900  77.10  10.40  23.00  17.80  28.20  21.80  16.17  0.0000
16-MAY-1960 00 /  713:  145.3  3.100  67.00  10.70  23.30  18.00  28.70  22.40  15.79  0.0000
16-JUN-1960 00 /  714:  128.0  2.100  99.40  10.40  22.60  17.40  27.80  21.90   9.82  0.0000
16-JUL-1960 00 /  715:  118.5  2.600  75.30   9.90  21.40  16.50  26.40  21.30  10.17  0.0000
16-AUG-1960 00 /  716:  203.3  2.700  77.30   9.80  21.90  17.00  26.80  21.80  13.35  0.0000
16-SEP-1960 00 /  717:  113.1  3.000  70.90  10.60  22.20  16.90  27.50  21.60  13.22  0.0000
16-OCT-1960 00 /  718:  222.1  3.000  68.50  11.00  22.20  16.70  27.70  21.80  18.34  0.0000
16-NOV-1960 00 /  719:  105.3  3.200  62.90  12.10  22.60  16.60  28.70  21.40  13.61  0.0000
16-DEC-1960 00 /  720:   68.9  3.300  58.70  12.50  23.40  17.20  29.70  20.90  12.05  0.0000
16-JAN-1961 00 /  721:   53.7  3.500  58.30  13.80  23.40  16.50  30.30  20.00   9.43  0.0000
15-FEB-1961 00 /  722:   60.6  3.600  58.50  12.90  23.30  16.90  29.80  19.30   9.41  0.0000
16-MAR-1961 00 /  723:  106.5  3.600  63.30  12.60  23.90  17.60  30.20  21.10  12.59  0.0000
16-APR-1961 00 /  724:  183.2  3.300  68.30  11.20  23.80  18.20  29.40  22.50  16.94  0.0000
16-MAY-1961 00 /  725:  160.1  3.200  63.30  11.10  23.80  18.30  29.40  23.30  16.57  0.0000
16-JUN-1961 00 /  726:  189.7  2.700  72.10  10.20  22.50  17.40  27.60  22.50  12.05  0.0000
16-JUL-1961 00 /  727:  201.4  2.400  78.40   9.30  21.30  16.70  26.00  22.00  13.14  0.0000
16-AUG-1961 00 /  728:  223.3  2.500  79.40   9.10  21.30  16.80  25.90  21.90  13.98  0.0000
16-SEP-1961 00 /  729:  201.0  2.900  72.20  10.20  21.90  16.80  27.00  21.60  17.14  0.0000
16-OCT-1961 00 /  730:  253.9  2.700  77.30  10.20  22.00  16.90  27.10  22.10  19.52  0.0000
16-NOV-1961 00 /  731:  285.2  2.700  78.60  11.50  21.90  16.20  27.70  21.10  21.32  0.0000
16-DEC-1961 00 /  732:   68.3  3.000  61.50  11.60  21.70  15.90  27.50  19.80  12.05  0.0000
16-JAN-1962 00 /  733:   48.5  3.400  52.50  13.20  21.90  15.30  28.50  18.70   9.77  0.0000
15-FEB-1962 00 /  734:   38.8  4.100  43.20  14.80  23.70  16.30  31.10  19.30   6.36  0.0000
16-MAR-1962 00 /  735:  150.8  3.400  68.70  12.00  23.40  17.40  29.40  21.10  14.73  0.0000
16-APR-1962 00 /  736:  163.7  3.100  71.10  11.00  23.20  17.70  28.70  22.10  16.12  0.0000
16-MAY-1962 00 /  737:  193.0  2.900  69.70  10.60  22.90  17.60  28.20  22.40  18.06  0.0000
16-JUN-1962 00 /  738:  186.4  2.700  72.70  10.30  22.30  17.20  27.50  21.90  12.04  0.0000
16-JUL-1962 00 /  739:  100.1  2.600  75.50   9.80  21.60  16.70  26.50  21.70   9.52  0.0000
16-AUG-1962 00 /  740:  155.4  2.600  80.60   9.50  21.60  16.90  26.40  21.70  11.96  0.0000
16-SEP-1962 00 /  741:  259.7  2.900  72.60  10.30  22.20  17.10  27.40  22.10  19.32  0.0000
16-OCT-1962 00 /  742:  242.9  3.000  70.70  11.00  22.20  16.70  27.70  21.90  18.94  0.0000
16-NOV-1962 00 /  743:  126.2  3.200  62.80  12.30  22.90  16.80  29.10  21.90  14.80  0.0000
16-DEC-1962 00 /  744:   75.5  3.200  61.80  12.20  22.90  16.80  29.00  20.80  12.54  0.0000
16-JAN-1963 00 /  745:  105.5  3.400  57.90  12.80  23.20  16.80  29.60  20.00  13.90  0.0000
15-FEB-1963 00 /  746:  116.0  3.800  53.30  13.30  23.60  17.00  30.30  19.60  12.75  0.0000
16-MAR-1963 00 /  747:  160.2  3.600  64.60  12.40  23.70  17.50  29.90  21.10  15.02  0.0000
16-APR-1963 00 /  748:  235.6  3.000  75.30  10.60  23.00  17.70  28.30  22.10  19.01  0.0000
16-MAY-1963 00 /  749:  259.7  2.900  71.70  10.40  23.00  17.80  28.20  22.80  20.56  0.0000
16-JUN-1963 00 /  750:  143.3  2.900  66.30  10.40  22.50  17.30  27.70  22.20  10.49  0.0000
16-JUL-1963 00 /  751:  134.0  2.500  75.70   9.80  21.60  16.70  26.50  22.00  10.94  0.0000
16-AUG-1963 00 /  752:  154.2  2.700  75.60  10.00  21.70  16.70  26.70  21.90  11.74  0.0000
16-SEP-1963 00 /  753:  101.6  3.200  64.10  11.50  22.60  16.90  28.40  22.10  12.35  0.0000
16-OCT-1963 00 /  754:  129.9  3.300  62.10  11.80  22.70  16.80  28.60  22.20  14.10  0.0000
16-NOV-1963 00 /  755:  178.5  2.900  70.90  11.00  22.50  17.00  28.00  22.20  17.29  0.0000
16-DEC-1963 00 /  756:   89.8  3.100  62.20  11.90  22.50  16.60  28.50  20.70  13.56  0.0000
16-JAN-1964 00 /  757:   24.4  3.500  56.70  13.20  23.40  16.80  30.00  20.50   7.10  0.0000
15-FEB-1964 00 /  758:   64.9  3.800  53.60  13.20  23.70  17.10  30.30  19.70   9.53  0.0000
16-MAR-1964 00 /  759:  137.2  3.700  62.80  12.70  24.20  17.90  30.60  21.40  14.22  0.0000
16-APR-1964 00 /  760:  183.8  3.200  68.60  11.10  23.10  17.60  28.70  22.10  16.96  0.0000
16-MAY-1964 00 /  761:  143.3  3.100  64.50  10.90  23.20  17.80  28.70  22.80  15.72  0.0000
16-JUN-1964 00 /  762:  135.3  2.700  71.20  10.20  22.40  17.30  27.50  22.20  10.46  0.0000
16-JUL-1964 00 /  763:  131.5  2.400  78.00   9.60  21.20  16.40  26.00  21.90  10.63  0.0000
16-AUG-1964 00 /  764:  199.6  2.600  78.20   9.50  21.40  16.70  26.20  21.90  13.29  0.0000
16-SEP-1964 00 /  765:  187.4  3.000  70.00  10.60  21.90  16.60  27.20  21.60  16.53  0.0000
16-OCT-1964 00 /  766:  228.7  2.900  71.60  10.70  21.80  16.50  27.20  21.60  18.67  0.0000
16-NOV-1964 00 /  767:   68.7  3.200  60.10  12.60  22.60  16.30  28.90  21.30  10.79  0.0000
16-DEC-1964 00 /  768:   98.5  3.000  65.60  11.80  22.30  16.40  28.20  20.60  13.31  0.0000
16-JAN-1965 00 /  769:   26.1  3.600  50.30  13.70  23.00  16.20  29.90  19.70   6.66  0.0000
15-FEB-1965 00 /  770:   53.4  3.800  52.40  13.70  22.80  16.00  29.70  18.80   8.23  0.0000
16-MAR-1965 00 /  771:  143.0  3.400  68.80  12.20  23.80  17.70  29.90  21.60  14.38  0.0000
16-APR-1965 00 /  772:  146.3  3.200  67.60  11.30  23.20  17.60  28.90  22.10  15.34  0.0000
16-MAY-1965 00 /  773:  151.5  3.300  60.40  11.60  23.60  17.80  29.40  22.70  16.11  0.0000
16-JUN-1965 00 /  774:   75.8  2.900  63.10  10.90  22.50  17.10  28.00  22.30   7.82  0.0000
16-JUL-1965 00 /  775:  111.1  2.800  69.00  10.70  21.80  16.50  27.20  21.70   9.96  0.0000
16-AUG-1965 00 /  776:  147.3  2.700  75.20  10.20  21.70  16.60  26.80  21.90  11.57  0.0000
16-SEP-1965 00 /  777:  137.4  3.100  66.20  11.20  22.40  16.80  28.00  21.90  14.41  0.0000
16-OCT-1965 00 /  778:  237.7  3.000  70.40  10.90  22.20  16.80  27.70  22.00  18.70  0.0000
16-NOV-1965 00 /  779:  134.9  3.100  63.80  11.80  22.80  16.90  28.70  21.80  15.17  0.0000
16-DEC-1965 00 /  780:   72.4  3.300  56.90  12.60  23.00  16.70  29.30  20.60  12.03  0.0000
16-JAN-1966 00 /  781:   44.1  3.600  52.90  13.50  23.70  17.00  30.50  20.60   8.01  0.0000
15-FEB-1966 00 /  782:   76.1  3.600  60.50  12.50  23.70  17.50  30.00  20.10  10.23  0.0000
16-MAR-1966 00 /  783:  166.5  3.400  69.90  11.70  23.60  17.80  29.50  21.40  15.36  0.0000
16-APR-1966 00 /  784:  204.3  3.200  68.80  11.00  23.20  17.70  28.70  22.30  17.84  0.0000
16-MAY-1966 00 /  785:  100.0  3.100  63.80  11.10  23.30  17.80  28.90  23.10  13.06  0.0000
16-JUN-1966 00 /  786:  117.0  3.000  60.90  10.70  22.60  17.30  28.00  22.40   9.57  0.0000
16-JUL-1966 00 /  787:  149.1  2.500  75.90   9.80  21.60  16.70  26.50  21.90  11.44  0.0000
16-AUG-1966 00 /  788:  220.7  2.700  76.60  10.10  21.60  16.60  26.70  21.70  13.93  0.0000
16-SEP-1966 00 /  789:  161.9  3.100  68.30  11.00  22.20  16.70  27.70  21.70  15.56  0.0000
16-OCT-1966 00 /  790:  170.5  3.100  66.00  11.50  22.30  16.60  28.10  22.00  16.22  0.0000
16-NOV-1966 00 /  791:  108.0  3.100  63.60  12.20  22.70  16.60  28.80  21.80  13.74  0.0000
16-DEC-1966 00 /  792:   27.9  3.300  55.50  13.00  22.90  16.40  29.40  20.70   6.62  0.0000
16-JAN-1967 00 /  793:   20.2  3.500  51.90  13.90  22.90  16.00  29.90  19.90   5.57  0.0000
15-FEB-1967 00 /  794:   27.7  3.800  52.30  14.00  23.40  16.40  30.40  19.60   5.92  0.0000
16-MAR-1967 00 /  795:   75.9  3.600  61.60  13.00  23.40  16.90  29.90  20.80  10.36  0.0000
16-APR-1967 00 /  796:  159.3  3.600  54.20  12.00  23.90  17.90  29.90  22.80  15.92  0.0000
16-MAY-1967 00 /  797:  139.6  3.100  65.10  11.00  23.20  17.70  28.70  22.90  15.28  0.0000
16-JUN-1967 00 /  798:  159.6  2.800  66.80  10.30  22.00  16.90  27.20  21.90  11.33  0.0000
16-JUL-1967 00 /  799:  133.7  2.500  77.10   9.30  21.30  16.70  26.00  21.80  10.70  0.0000
16-AUG-1967 00 /  800:  123.7  2.600  76.30   9.70  21.40  16.60  26.30  21.70  10.70  0.0000
16-SEP-1967 00 /  801:  124.6  2.900  71.30  10.60  21.90  16.60  27.20  21.80  13.87  0.0000
16-OCT-1967 00 /  802:  263.2  2.900  73.10  10.70  22.00  16.70  27.40  22.00  19.76  0.0000
16-NOV-1967 00 /  803:  157.1  2.900  69.00  11.10  22.00  16.50  27.60  21.60  16.11  0.0000
16-DEC-1967 00 /  804:   51.1  3.300  56.30  12.60  22.80  16.50  29.10  20.30   9.07  0.0000
16-JAN-1968 00 /  805:   12.8  3.700  46.70  14.10  22.70  15.70  29.80  19.40   3.53  0.0000
15-FEB-1968 00 /  806:   96.5  3.800  53.10  13.50  23.10  16.40  29.90  19.20  11.54  0.0000
16-MAR-1968 00 /  807:  127.3  3.700  59.00  12.80  23.20  16.80  29.60  20.70  13.57  0.0000
16-APR-1968 00 /  808:  173.2  3.300  62.80  11.70  22.90  17.10  28.80  21.60  16.49  0.0000
16-MAY-1968 00 /  809:  112.3  3.100  62.50  11.30  22.70  17.10  28.40  22.00  14.05  0.0000
16-JUN-1968 00 /  810:  141.7  2.800  67.50  10.30  22.10  17.00  27.30  21.50  10.39  0.0000
16-JUL-1968 00 /  811:  126.8  2.600  74.80   9.90  21.30  16.40  26.30  21.30  10.65  0.0000
16-AUG-1968 00 /  812:  126.9  2.700  74.90   9.80  21.50  16.60  26.40  21.30  10.85  0.0000
16-SEP-1968 00 /  813:  125.0  3.200  64.20  11.50  22.30  16.60  28.10  21.90  13.78  0.0000
16-OCT-1968 00 /  814:  186.5  3.100  66.30  11.40  22.10  16.40  27.80  21.80  16.71  0.0000
16-NOV-1968 00 /  815:  104.0  3.200  62.50  12.10  23.00  17.00  29.10  22.20  13.42  0.0000
16-DEC-1968 00 /  816:  143.1  3.100  64.50  11.90  22.80  16.90  28.80  20.90  16.97  0.0000
16-JAN-1969 00 /  817:   82.4  3.200  63.10  12.20  23.00  16.90  29.10  20.70  12.62  0.0000
15-FEB-1969 00 /  818:  113.0  3.600  60.10  12.70  23.50  17.20  29.90  20.20  12.46  0.0000
16-MAR-1969 00 /  819:  145.5  3.300  69.60  11.80  23.60  17.70  29.50  21.80  14.29  0.0000
16-APR-1969 00 /  820:  114.9  3.500  61.20  11.90  24.00  18.10  30.00  23.00  13.69  0.0000
16-MAY-1969 00 /  821:  170.8  3.100  63.80  11.10  23.40  17.90  29.00  23.10  16.95  0.0000
16-JUN-1969 00 /  822:   88.7  2.900  66.00  10.50  22.80  17.60  28.10  22.80   8.12  0.0000
16-JUL-1969 00 /  823:  115.1  2.700  70.90  10.30  21.70  16.60  26.90  22.10   9.98  0.0000
16-AUG-1969 00 /  824:  150.5  2.800  70.80  10.50  21.80  16.60  27.10  22.00  11.73  0.0000
16-SEP-1969 00 /  825:  143.6  3.100  66.70  11.20  22.40  16.80  28.00  22.20  14.74  0.0000
16-OCT-1969 00 /  826:  170.3  3.100  66.50  11.60  22.80  17.00  28.60  22.40  16.27  0.0000
16-NOV-1969 00 /  827:  107.8  3.200  62.40  12.10  22.90  16.90  29.00  21.80  13.69  0.0000
16-DEC-1969 00 /  828:   67.2  3.400  55.60  12.80  23.40  17.00  29.80  20.90  11.63  0.0000
16-JAN-1970 00 /  829:   72.9  3.500  54.60  12.80  23.40  17.00  29.80  20.30  11.71  0.0000
15-FEB-1970 00 /  830:   43.9  3.800  54.70  13.30  24.30  17.70  31.00  20.60   7.61  0.0000
16-MAR-1970 00 /  831:  177.9  3.400  70.70  11.60  23.90  18.10  29.70  21.70  15.99  0.0000
16-APR-1970 00 /  832:  155.6  3.200  68.20  11.20  23.80  18.20  29.40  22.90  15.67  0.0000
16-MAY-1970 00 /  833:  154.4  3.100  64.00  11.00  23.30  17.80  28.80  22.70  16.28  0.0000
16-JUN-1970 00 /  834:  164.7  3.000  63.30  10.70  23.00  17.70  28.40  22.70  11.48  0.0000
16-JUL-1970 00 /  835:  155.6  2.600  75.60   9.90  21.80  16.90  26.80  22.10  11.60  0.0000
16-AUG-1970 00 /  836:  230.5  2.600  79.80   9.30  21.90  17.30  26.60  22.40  14.31  0.0000
16-SEP-1970 00 /  837:  171.8  3.000  69.50  10.60  22.40  17.10  27.70  22.30  15.58  0.0000
16-OCT-1970 00 /  838:  175.7  3.000  69.00  10.90  22.60  17.20  28.10  22.70  16.41  0.0000
16-NOV-1970 00 /  839:   45.8  3.400  57.30  13.10  22.90  16.40  29.50  21.20   8.94  0.0000
16-DEC-1970 00 /  840:   22.4  3.300  56.60  13.20  22.40  15.80  29.00  20.00   5.44  0.0000
16-JAN-1971 00 /  841:   18.3  3.600  49.50  14.20  23.00  15.90  30.10  19.70   5.66  0.0000
15-FEB-1971 00 /  842:   31.6  4.000  45.40  14.80  23.40  16.00  30.80  19.60   5.96  0.0000
16-MAR-1971 00 /  843:  109.6  3.900  55.30  13.80  24.10  17.20  31.00  21.10  12.77  0.0000
16-APR-1971 00 /  844:  147.0  3.500  57.00  12.10  23.30  17.30  29.40  21.90  15.32  0.0000
16-MAY-1971 00 /  845:  148.6  3.200  60.70  11.50  23.30  17.60  29.10  22.60  15.68  0.0000
16-JUN-1971 00 /  846:  116.8  3.000  59.80  11.00  22.40  16.90  27.90  21.90   9.74  0.0000
16-JUL-1971 00 /  847:  159.1  2.600  73.40  10.30  21.40  16.30  26.60  21.30  11.65  0.0000
16-AUG-1971 00 /  848:  190.0  2.700  77.30  10.00  21.80  16.80  26.80  21.70  13.00  0.0000
16-SEP-1971 00 /  849:  177.1  3.000  69.20  11.00  21.90  16.40  27.40  21.60  16.32  0.0000
16-OCT-1971 00 /  850:  140.1  3.100  67.00  11.40  22.20  16.50  27.90  21.40  14.61  0.0000
16-NOV-1971 00 /  851:  117.1  3.100  65.20  11.70  22.80  17.00  28.70  21.50  14.25  0.0000
16-DEC-1971 00 /  852:   14.5  3.200  57.50  12.80  22.10  15.70  28.50  19.60   5.13  0.0000
16-JAN-1972 00 /  853:   70.2  3.400  57.20  12.90  23.30  16.90  29.80  20.20  11.04  0.0000
15-FEB-1972 00 /  854:   51.9  3.600  57.40  12.80  23.10  16.70  29.50  19.40   8.67  0.0000
16-MAR-1972 00 /  855:  104.6  3.600  63.20  12.70  24.00  17.70  30.40  21.20  12.59  0.0000
16-APR-1972 00 /  856:  149.3  3.300  65.40  11.40  23.40  17.70  29.10  22.00  15.48  0.0000
16-MAY-1972 00 /  857:  125.8  3.100  65.00  10.90  23.30  17.90  28.80  22.50  14.73  0.0000
16-JUN-1972 00 /  858:  173.4  2.700  72.00   9.90  22.40  17.50  27.40  21.90  11.79  0.0000
16-JUL-1972 00 /  859:  113.1  2.600  75.30   9.90  22.10  17.20  27.10  22.00   9.85  0.0000
16-AUG-1972 00 /  860:  204.3  2.700  77.30   9.70  21.80  17.00  26.70  21.50  13.50  0.0000
16-SEP-1972 00 /  861:  162.1  3.200  65.30  11.40  22.40  16.70  28.10  21.70  15.59  0.0000
16-OCT-1972 00 /  862:  214.9  3.100  68.50  11.20  22.50  16.90  28.10  21.90  18.09  0.0000
16-NOV-1972 00 /  863:  156.9  3.000  67.40  11.40  22.50  16.80  28.20  21.40  16.25  0.0000
16-DEC-1972 00 /  864:   30.9  3.200  60.10  12.30  22.90  16.80  29.10  20.40   7.30  0.0000
16-JAN-1973 00 /  865:   37.5  3.600  52.20  13.30  23.50  16.90  30.20  20.00   8.02  0.0000
15-FEB-1973 00 /  866:   68.0  4.000  51.00  13.70  24.50  17.70  31.40  20.10   9.77  0.0000
16-MAR-1973 00 /  867:   69.7  3.800  58.80  12.80  24.20  17.80  30.60  21.70  10.09  0.0000
16-APR-1973 00 /  868:  138.8  3.400  63.10  11.40  23.50  17.80  29.20  22.10  14.86  0.0000
16-MAY-1973 00 /  869:  153.2  3.100  63.90  10.80  23.00  17.60  28.40  22.20  16.22  0.0000
16-JUN-1973 00 /  870:   77.9  2.800  68.10  10.50  22.60  17.40  27.90  21.90   7.30  0.0000
16-JUL-1973 00 /  871:   77.5  2.600  73.30  10.10  21.50  16.50  26.60  21.40   8.35  0.0000
16-AUG-1973 00 /  872:  168.9  2.700  77.30   9.70  21.70  16.90  26.60  21.60  12.43  0.0000
16-SEP-1973 00 /  873:  206.1  3.000  69.70  11.00  21.90  16.40  27.40  21.40  17.25  0.0000
16-OCT-1973 00 /  874:  183.6  3.200  64.10  11.80  22.70  16.80  28.60  21.80  16.76  0.0000
16-NOV-1973 00 /  875:  108.5  3.300  58.20  12.30  22.80  16.70  29.00  21.20  13.50  0.0000
16-DEC-1973 00 /  876:   19.8  3.500  51.20  13.10  22.90  16.40  29.50  20.10   5.80  0.0000
16-JAN-1974 00 /  877:   38.7  3.600  52.30  13.60  23.10  16.30  29.90  19.90   7.98  0.0000
15-FEB-1974 00 /  878:   54.1  3.900  52.70  13.70  24.00  17.20  30.90  20.10   8.22  0.0000
16-MAR-1974 00 /  879:  173.2  3.500  65.00  12.40  23.80  17.60  30.00  21.50  15.85  0.0000
16-APR-1974 00 /  880:  111.7  3.200  67.70  11.00  23.20  17.70  28.70  22.40  13.39  0.0000
16-MAY-1974 00 /  881:  209.2  2.900  68.80  10.70  22.40  17.10  27.80  21.70  18.61  0.0000
16-JUN-1974 00 /  882:  229.0  2.800  69.80  10.30  22.40  17.30  27.60  21.80  13.19  0.0000
16-JUL-1974 00 /  883:  173.3  2.400  80.20   9.30  21.30  16.70  26.00  21.30  12.14  0.0000
16-AUG-1974 00 /  884:  203.4  2.700  76.50   9.90  21.60  16.70  26.60  21.50  13.49  0.0000
16-SEP-1974 00 /  885:  197.2  3.100  66.20  11.10  21.60  16.10  27.20  21.10  17.04  0.0000
16-OCT-1974 00 /  886:  136.0  3.200  63.30  12.00  22.50  16.50  28.50  21.50  14.54  0.0000
16-NOV-1974 00 /  887:   81.4  3.400  57.30  13.00  22.80  16.30  29.30  20.70  12.04  0.0000
16-DEC-1974 00 /  888:   22.9  3.300  58.40  12.80  22.60  16.20  29.00  19.80   6.60  0.0000
16-JAN-1975 00 /  889:   36.2  3.600  50.50  13.70  23.10  16.30  30.00  19.70   7.91  0.0000
15-FEB-1975 00 /  890:   88.7  3.800  56.00  13.20  24.00  17.40  30.60  20.20  11.09  0.0000
16-MAR-1975 00 /  891:  125.1  3.600  63.90  12.40  23.90  17.70  30.10  21.20  13.10  0.0000
16-APR-1975 00 /  892:  172.7  3.300  64.90  11.50  23.60  17.90  29.40  22.40  15.88  0.0000
16-MAY-1975 00 /  893:  195.4  3.200  62.60  11.10  23.10  17.60  28.70  22.30  17.68  0.0000
16-JUN-1975 00 /  894:  124.9  2.700  72.00   9.70  22.00  17.20  26.90  21.90   9.84  0.0000
16-JUL-1975 00 /  895:  167.1  2.500  76.80   9.60  21.40  16.60  26.20  21.50  12.00  0.0000
16-AUG-1975 00 /  896:  236.7  2.500  80.30   9.20  21.30  16.70  25.90  21.60  14.38  0.0000
16-SEP-1975 00 /  897:  213.4  2.900  72.80  10.40  21.40  16.20  26.60  20.90  17.76  0.0000
16-OCT-1975 00 /  898:  205.7  3.000  71.70  10.80  22.10  16.70  27.50  21.20  17.59  0.0000
16-NOV-1975 00 /  899:  104.5  3.300  61.30  12.60  23.00  16.70  29.30  21.00  13.50  0.0000
16-DEC-1975 00 /  900:   48.3  3.200  60.90  12.30  22.40  16.30  28.60  19.70  10.24  0.0000
16-JAN-1976 00 /  901:   21.2  3.700  47.40  14.00  23.40  16.40  30.40  20.00   6.40  0.0000
15-FEB-1976 00 /  902:   86.7  3.800  54.80  13.20  23.70  17.10  30.30  19.60  10.79  0.0000
16-MAR-1976 00 /  903:  107.7  3.500  67.50  12.20  23.60  17.50  29.70  21.10  12.46  0.0000
16-APR-1976 00 /  904:  175.6  3.300  66.30  11.30  23.30  17.70  29.00  21.80  16.56  0.0000
16-MAY-1976 00 /  905:  200.1  3.000  68.80  10.60  23.00  17.70  28.30  22.20  18.40  0.0000
16-JUN-1976 00 /  906:  122.3  2.900  64.90  10.40  22.20  17.00  27.40  21.50   9.94  0.0000
16-JUL-1976 00 /  907:  223.4  2.500  77.90   9.60  21.50  16.70  26.30  21.30  13.73  0.0000
16-AUG-1976 00 /  908:  230.5  2.700  76.80   9.80  21.70  16.80  26.60  21.40  14.02  0.0000
16-SEP-1976 00 /  909:  143.3  3.200  64.70  11.20  22.50  16.90  28.10  21.70  14.75  0.0000
16-OCT-1976 00 /  910:  141.2  3.200  64.30  11.90  22.80  16.90  28.80  21.90  14.92  0.0000
16-NOV-1976 00 /  911:  123.3  3.100  67.20  11.70  23.00  17.20  28.90  21.60  14.56  0.0000
16-DEC-1976 00 /  912:   72.4  3.300  59.90  12.50  23.60  17.40  29.90  20.80  12.23  0.0000
16-JAN-1977 00 /  913:   51.8  3.400  57.40  12.60  23.10  16.80  29.40  20.30  10.04  0.0000
15-FEB-1977 00 /  914:   68.2  3.900  52.10  13.50  23.70  17.00  30.50  19.60   9.68  0.0000
16-MAR-1977 00 /  915:  133.0  3.500  66.50  12.30  23.90  17.80  30.10  21.50  13.77  0.0000
16-APR-1977 00 /  916:  205.7  3.100  73.20  10.90  23.70  18.30  29.20  22.80  17.83  0.0000
16-MAY-1977 00 /  917:  120.2  3.100  63.70  11.10  23.40  17.90  29.00  22.90  14.11  0.0000
16-JUN-1977 00 /  918:  195.0  2.800  67.50  10.30  22.40  17.30  27.60  21.90  12.33  0.0000
16-JUL-1977 00 /  919:  194.2  2.600  75.90   9.60  21.70  16.90  26.50  21.80  12.71  0.0000
16-AUG-1977 00 /  920:  219.6  2.700  77.30   9.70  22.20  17.40  27.10  22.30  13.96  0.0000
16-SEP-1977 00 /  921:  142.3  3.200  65.80  11.20  22.50  16.90  28.10  22.20  14.69  0.0000
16-OCT-1977 00 /  922:  215.2  3.100  68.30  11.40  22.60  16.90  28.30  21.90  17.82  0.0000
16-NOV-1977 00 /  923:  145.7  3.100  64.90  11.60  22.60  16.80  28.40  21.60  15.55  0.0000
16-DEC-1977 00 /  924:   43.6  3.100  66.40  11.80  23.30  17.40  29.20  21.50   8.88  0.0000
16-JAN-1978 00 /  925:   20.1  3.600  53.10  13.40  23.80  17.10  30.50  20.70   6.02  0.0000
15-FEB-1978 00 /  926:   72.7  3.800  54.40  13.40  24.40  17.70  31.10  20.80   9.92  0.0000
16-MAR-1978 00 /  927:   92.1  3.500  66.00  12.00  23.50  17.50  29.50  21.20  11.65  0.0000
16-APR-1978 00 /  928:  145.7  3.200  69.40  11.00  23.80  18.30  29.30  21.90  15.32  0.0000
16-MAY-1978 00 /  929:   83.0  3.100  65.30  10.80  23.60  18.20  29.00  23.40  12.28  0.0000
16-JUN-1978 00 /  930:  149.8  2.800  69.20  10.20  22.70  17.60  27.80  22.40  10.78  0.0000
16-JUL-1978 00 /  931:  152.9  2.500  75.90   9.80  21.70  16.80  26.60  22.20  11.57  0.0000
16-AUG-1978 00 /  932:  226.7  2.600  79.20   9.70  21.90  17.10  26.80  22.10  13.90  0.0000
16-SEP-1978 00 /  933:  183.9  3.000  71.40  10.80  22.20  16.80  27.60  21.80  16.36  0.0000
16-OCT-1978 00 /  934:  229.3  3.000  69.80  11.00  22.70  17.20  28.20  22.10  18.62  0.0000
16-NOV-1978 00 /  935:   93.2  3.100  66.20  11.90  22.90  17.00  28.90  21.60  12.74  0.0000
16-DEC-1978 00 /  936:   44.3  3.200  61.90  11.90  23.00  17.10  29.00  20.40   9.44  0.0000
16-JAN-1979 00 /  937:  122.2  3.500  57.90  12.70  24.00  17.70  30.40  21.30  14.59  0.0000
15-FEB-1979 00 /  938:  116.5  3.700  56.00  12.90  23.30  16.90  29.80  19.80  12.65  0.0000
16-MAR-1979 00 /  939:   73.7  3.600  63.60  12.70  23.70  17.40  30.10  21.10  10.57  0.0000
16-APR-1979 00 /  940:  156.9  3.300  65.50  11.50  23.80  18.10  29.60  22.80  15.54  0.0000
16-MAY-1979 00 /  941:  150.4  3.100  63.40  10.90  23.00  17.60  28.50  22.20  16.05  0.0000
16-JUN-1979 00 /  942:  145.6  2.800  67.20  10.10  22.10  17.10  27.20  21.80  10.77  0.0000
16-JUL-1979 00 /  943:   86.6  2.600  73.40   9.90  21.70  16.80  26.70  21.40   8.80  0.0000
16-AUG-1979 00 /  944:  148.9  2.700  77.30   9.90  22.10  17.20  27.10  21.80  11.67  0.0000
16-SEP-1979 00 /  945:  116.3  3.300  61.20  11.70  22.40  16.60  28.30  21.70  13.22  0.0000
16-OCT-1979 00 /  946:  129.9  3.200  65.30  11.70  22.70  16.90  28.60  22.10  14.00  0.0000
16-NOV-1979 00 /  947:   60.7  3.100  66.00  11.90  23.10  17.20  29.10  21.90  10.33  0.0000
16-DEC-1979 00 /  948:   50.1  3.100  62.50  12.00  22.80  16.80  28.80  20.50  10.19  0.0000
16-JAN-1980 00 /  949:   12.6  3.600  53.20  13.30  23.60  17.00  30.30  20.40   3.34  0.0000
15-FEB-1980 00 /  950:   48.3  3.800  54.80  13.20  24.50  17.90  31.10  20.70   6.98  0.0000
16-MAR-1980 00 /  951:   80.3  3.500  66.70  12.20  24.20  18.10  30.30  22.50  10.86  0.0000
16-APR-1980 00 /  952:  140.9  3.200  70.00  11.10  24.30  18.80  29.90  23.60  15.00  0.0000
16-MAY-1980 00 /  953:  211.0  2.900  72.40  10.10  23.00  18.00  28.10  22.90  18.37  0.0000
16-JUN-1980 00 /  954:  162.3  2.700  74.60   9.80  22.70  17.80  27.60  22.60  11.16  0.0000
16-JUL-1980 00 /  955:   96.1  2.600  75.20   9.40  21.80  17.10  26.50  22.00   9.29  0.0000
16-AUG-1980 00 /  956:  116.2  2.700  77.30   9.60  21.90  17.10  26.70  22.00  10.38  0.0000
16-SEP-1980 00 /  957:  165.5  3.100  68.00  11.00  22.60  17.10  28.10  22.20  15.62  0.0000
16-OCT-1980 00 /  958:  136.6  3.200  64.50  11.70  22.80  17.00  28.70  22.10  14.64  0.0000
16-NOV-1980 00 /  959:  142.0  3.000  69.40  11.40  22.90  17.20  28.60  22.00  15.52  0.0000
16-DEC-1980 00 /  960:   35.2  3.100  62.30  12.20  22.70  16.60  28.80  20.70   8.73  0.0000
16-JAN-1981 00 /  961:   40.4  3.500  55.20  13.30  23.60  17.00  30.30  20.40   7.78  0.0000
15-FEB-1981 00 /  962:   30.3  3.900  51.50  13.80  23.80  16.90  30.70  19.80   5.98  0.0000
16-MAR-1981 00 /  963:  118.7  3.300  74.10  11.50  23.80  18.10  29.60  21.90  12.98  0.0000
16-APR-1981 00 /  964:  120.9  3.400  62.20  11.40  24.10  18.40  29.80  23.30  14.07  0.0000
16-MAY-1981 00 /  965:  199.1  3.100  66.00  10.70  23.60  18.30  29.00  23.30  17.96  0.0000
16-JUN-1981 00 /  966:  113.3  2.900  65.10  10.50  22.90  17.70  28.20  22.60   9.46  0.0000
16-JUL-1981 00 /  967:  148.8  2.500  76.90   9.30  21.80  17.20  26.50  22.10  11.35  0.0000
16-AUG-1981 00 /  968:  200.0  2.700  77.30   9.70  22.10  17.30  27.00  22.20  13.44  0.0000
16-SEP-1981 00 /  969:  199.4  3.000  69.30  10.80  22.50  17.10  27.90  22.50  17.10  0.0000
16-OCT-1981 00 /  970:  206.4  3.300  62.90  11.80  23.10  17.20  29.00  22.40  17.46  0.0000
16-NOV-1981 00 /  971:   81.9  3.300  60.00  12.40  23.30  17.10  29.50  21.80  11.92  0.0000
16-DEC-1981 00 /  972:   58.9  3.400  56.00  12.70  23.70  17.40  30.10  21.10  10.36  0.0000
16-JAN-1982 00 /  973:   91.9  3.400  59.30  12.60  23.80  17.50  30.10  21.00  12.67  0.0000
15-FEB-1982 00 /  974:   54.6  3.800  52.20  13.60  23.60  16.80  30.40  19.60   8.49  0.0000
16-MAR-1982 00 /  975:  124.9  3.700  63.00  12.60  24.70  18.40  31.00  22.50  13.61  0.0000
16-APR-1982 00 /  976:  182.3  3.300  65.20  11.20  24.10  18.50  29.70  23.30  16.73  0.0000
16-MAY-1982 00 /  977:  170.0  3.000  66.50  10.50  23.40  18.20  28.70  23.30  16.68  0.0000
16-JUN-1982 00 /  978:  186.3  2.800  69.50  10.00  22.80  17.80  27.80  22.80  11.80  0.0000
16-JUL-1982 00 /  979:  185.7  2.600  74.50   9.70  22.20  17.40  27.10  22.20  12.54  0.0000
16-AUG-1982 00 /  980:  191.8  2.700  75.90   9.50  22.20  17.50  27.00  22.30  12.87  0.0000
16-SEP-1982 00 /  981:  182.0  3.200  66.20  11.10  22.70  17.20  28.30  22.60  16.13  0.0000
16-OCT-1982 00 /  982:  270.5  2.900  72.00  10.60  22.60  17.30  27.90  22.50  19.83  0.0000
16-NOV-1982 00 /  983:  153.0  3.100  65.20  11.30  22.70  17.10  28.40  21.80  15.83  0.0000
16-DEC-1982 00 /  984:   55.1  3.200  60.40  12.20  23.10  17.00  29.20  21.00  10.84  0.0000
16-JAN-1983 00 /  985:    9.2  3.300  61.30  13.20  22.50  15.90  29.10  19.60   2.56  0.0000
15-FEB-1983 00 /  986:    8.3  3.800  54.00  13.60  24.40  17.60  31.20  21.00   2.74  0.0000
16-MAR-1983 00 /  987:   59.5  3.500  68.10  12.60  24.70  18.40  31.00  22.80   9.34  0.0000
16-APR-1983 00 /  988:  168.6  3.100  75.70  11.10  24.60  19.10  30.20  24.00  15.97  0.0000
16-MAY-1983 00 /  989:  126.2  3.000  69.00  10.80  24.20  18.80  29.60  24.40  14.84  0.0000
16-JUN-1983 00 /  990:  210.8  2.700  75.80   9.90  23.30  18.40  28.30  23.40  12.87  0.0000
16-JUL-1983 00 /  991:  158.8  2.500  79.10   9.50  22.50  17.80  27.30  23.30  11.74  0.0000
16-AUG-1983 00 /  992:  181.3  2.500  83.50   9.00  22.30  17.80  26.80  23.30  12.78  0.0000
16-SEP-1983 00 /  993:  221.5  3.000  71.90  10.60  22.60  17.30  27.90  23.00  17.98  0.0000
16-OCT-1983 00 /  994:  313.3  2.800  77.50  10.30  22.70  17.60  27.90  22.80  19.18  0.0000
16-NOV-1983 00 /  995:  135.9  3.100  67.60  11.60  23.30  17.50  29.10  22.50  15.02  0.0000
16-DEC-1983 00 /  996:   58.8  3.000  69.70  12.50  22.90  16.70  29.20  20.50   9.93  0.0000
16-JAN-1984 00 /  997:   21.4  3.500  51.50  13.50  22.40  15.70  29.20  19.20   4.97  0.0000
15-FEB-1984 00 /  998:   82.0  3.900  50.60  14.00  24.00  17.00  31.00  20.20  10.37  0.0000
16-MAR-1984 00 /  999:  103.7  3.700  62.30  12.80  24.50  18.10  30.90  21.90  12.36  0.0000
16-APR-1984 00 / 1000:  155.4  3.400  64.30  11.40  23.90  18.20  29.60  22.70  15.59  0.0000
16-MAY-1984 00 / 1001:  110.5  3.200  62.00  11.10  23.70  18.20  29.30  22.90  13.44  0.0000
16-JUN-1984 00 / 1002:  110.7  2.900  65.80  10.50  22.90  17.70  28.20  22.40   8.98  0.0000
16-JUL-1984 00 / 1003:  210.3  2.700  72.70   9.90  21.90  17.00  26.90  21.70  13.33  0.0000
16-AUG-1984 00 / 1004:  202.5  2.800  74.10  10.20  22.20  17.10  27.30  21.90  13.33  0.0000
16-SEP-1984 00 / 1005:  131.8  3.300  62.60  11.70  22.50  16.70  28.40  21.90  13.88  0.0000
16-OCT-1984 00 / 1006:  194.1  3.500  57.30  12.50  23.20  17.00  29.50  21.90  17.24  0.0000
16-NOV-1984 00 / 1007:  175.8  3.300  60.30  12.00  23.00  17.00  29.00  21.60  17.19  0.0000
16-DEC-1984 00 / 1008:   57.7  3.300  57.30  12.50  23.40  17.20  29.70  21.10  11.01  0.0000
16-JAN-1985 00 / 1009:   59.0  3.500  56.90  12.70  24.50  18.20  30.90  22.00  10.49  0.0000
15-FEB-1985 00 / 1010:   14.1  3.700  56.20  13.20  22.90  16.30  29.50  19.00   3.05  0.0000
16-MAR-1985 00 / 1011:  162.3  3.500  65.60  12.20  23.90  17.80  30.00  21.50  15.29  0.0000
16-APR-1985 00 / 1012:  204.8  3.000  73.40  10.60  22.80  17.50  28.10  21.90  17.76  0.0000
16-MAY-1985 00 / 1013:  233.9  3.000  66.30  10.50  23.10  17.90  28.40  22.60  19.57  0.0000
16-JUN-1985 00 / 1014:  190.1  2.800  67.80  10.10  22.60  17.60  27.70  22.10  12.19  0.0000
16-JUL-1985 00 / 1015:  145.9  2.700  73.30   9.80  21.80  16.90  26.70  21.50  11.26  0.0000
16-AUG-1985 00 / 1016:  168.1  2.800  74.60   9.80  22.30  17.40  27.20  22.20  12.02  0.0000
16-SEP-1985 00 / 1017:  178.5  3.000  69.50  10.60  22.20  16.90  27.50  22.00  15.98  0.0000
16-OCT-1985 00 / 1018:  140.2  3.200  65.20  11.30  23.00  17.40  28.70  22.10  14.90  0.0000
16-NOV-1985 00 / 1019:  124.2  3.200  62.60  11.90  23.40  17.50  29.40  21.90  14.60  0.0000
16-DEC-1985 00 / 1020:   59.5  3.200  64.50  12.00  23.30  17.30  29.30  20.70  10.90  0.0000
16-JAN-1986 00 / 1021:   27.4  3.700  48.40  13.80  23.40  16.50  30.30  19.90   6.71  0.0000
15-FEB-1986 00 / 1022:   72.5  3.700  58.30  13.00  24.20  17.70  30.70  20.20   9.80  0.0000
16-MAR-1986 00 / 1023:  122.9  3.400  68.90  12.00  23.80  17.80  29.80  21.50  13.48  0.0000
16-APR-1986 00 / 1024:  214.5  3.300  66.50  11.10  23.70  18.20  29.30  22.50  18.05  0.0000
16-MAY-1986 00 / 1025:  115.5  3.200  63.10  11.00  23.90  18.40  29.40  23.20  13.87  0.0000
16-JUN-1986 00 / 1026:  210.0  2.800  67.50  10.10  22.60  17.60  27.70  22.30  12.44  0.0000
16-JUL-1986 00 / 1027:  154.8  2.600  75.00   9.60  21.90  17.10  26.70  22.00  11.63  0.0000
16-AUG-1986 00 / 1028:  142.8  3.000  69.70  10.60  22.80  17.50  28.10  22.30  11.53  0.0000
16-SEP-1986 00 / 1029:  181.3  3.100  67.90  10.90  22.40  17.00  27.90  22.10  16.37  0.0000
16-OCT-1986 00 / 1030:  175.0  3.200  67.10  11.20  23.10  17.50  28.70  22.10  16.31  0.0000
16-NOV-1986 00 / 1031:  191.3  3.200  62.60  11.80  23.50  17.60  29.40  22.00  17.72  0.0000
16-DEC-1986 00 / 1032:   53.2  3.200  60.90  11.90  22.90  17.00  28.90  20.40  10.41  0.0000
16-JAN-1987 00 / 1033:   25.5  3.600  49.70  13.50  23.30  16.60  30.10  20.00   5.94  0.0000
15-FEB-1987 00 / 1034:  104.4  3.900  52.20  13.50  24.40  17.70  31.20  20.40  11.29  0.0000
16-MAR-1987 00 / 1035:  207.5  3.700  61.70  12.50  24.20  18.00  30.50  21.40  16.86  0.0000
16-APR-1987 00 / 1036:  173.8  3.600  58.50  11.70  24.30  18.50  30.20  23.10  16.29  0.0000
16-MAY-1987 00 / 1037:  163.1  3.100  66.30  10.50  23.70  18.50  29.00  22.80  16.68  0.0000
16-JUN-1987 00 / 1038:  220.1  2.800  69.40   9.90  23.10  18.20  28.10  22.90  13.01  0.0000
16-JUL-1987 00 / 1039:  176.5  2.900  67.10  10.60  22.90  17.60  28.20  22.30  12.12  0.0000
16-AUG-1987 00 / 1040:  188.7  3.100  64.70  11.00  23.10  17.60  28.60  22.60  12.87  0.0000
16-SEP-1987 00 / 1041:  198.3  3.500  57.10  12.30  23.20  17.10  29.40  22.50  16.82  0.0000
16-OCT-1987 00 / 1042:  189.9  3.300  63.00  11.80  23.40  17.50  29.30  22.60  17.02  0.0000
16-NOV-1987 00 / 1043:  164.3  3.400  58.70  12.40  23.70  17.50  29.90  22.30  15.82  0.0000
16-DEC-1987 00 / 1044:   37.2  3.600  49.70  12.50  23.90  17.70  30.20  21.20   8.82  0.0000
16-JAN-1988 00 / 1045:   52.2  3.600  52.70  13.70  23.90  17.10  30.80  20.50   9.70  0.0000
15-FEB-1988 00 / 1046:   74.7  4.000  50.40  14.20  24.60  17.50  31.70  20.80   9.83  0.0000
16-MAR-1988 00 / 1047:  138.1  3.800  61.70  13.10  24.90  18.40  31.50  22.50  14.16  0.0000
16-APR-1988 00 / 1048:  168.7  3.400  62.00  11.80  24.00  18.10  29.90  23.10  16.29  0.0000
16-MAY-1988 00 / 1049:  194.3  3.300  59.60  11.60  23.70  17.90  29.50  23.40  17.81  0.0000
16-JUN-1988 00 / 1050:  193.3  3.000  61.70  10.80  23.00  17.60  28.40  22.90  12.16  0.0000
16-JUL-1988 00 / 1051:  199.6  2.600  75.30  10.10  21.70  16.70  26.80  22.20  12.92  0.0000
16-AUG-1988 00 / 1052:  265.2  2.700  77.30   9.70  22.20  17.40  27.10  22.60  15.00  0.0000
16-SEP-1988 00 / 1053:  212.5  3.100  68.10  11.00  22.30  16.80  27.80  22.30  17.68  0.0000
16-OCT-1988 00 / 1054:  177.8  3.100  67.50  11.50  22.80  17.10  28.60  22.50  16.44  0.0000
16-NOV-1988 00 / 1055:  177.7  3.200  61.50  12.20  23.00  16.90  29.10  22.10  16.62  0.0000
16-DEC-1988 00 / 1056:   74.1  3.300  55.30  12.80  22.80  16.40  29.20  20.60  12.07  0.0000
16-JAN-1989 00 / 1057:   43.4  3.400  51.10  13.30  21.40  14.80  28.10  19.20   6.66  0.0000
15-FEB-1989 00 / 1058:   48.7  3.700  53.90  13.50  22.80  16.10  29.60  19.40   7.82  0.0000
16-MAR-1989 00 / 1059:  183.9  3.500  64.90  12.40  23.70  17.50  29.90  21.30  16.10  0.0000
16-APR-1989 00 / 1060:  128.5  3.300  65.10  11.30  23.50  17.90  29.20  22.50  14.16  0.0000
16-MAY-1989 00 / 1061:  186.6  3.000  64.50  10.80  22.80  17.40  28.20  22.50  17.44  0.0000
16-JUN-1989 00 / 1062:   83.9  2.900  63.80  10.20  22.50  17.40  27.60  21.90   8.25  0.0000
16-JUL-1989 00 / 1063:   86.7  2.600  74.20   9.70  22.00  17.20  26.90  22.20   8.14  0.0000
16-AUG-1989 00 / 1064:  164.6  2.700  75.10   9.70  22.20  17.40  27.10  22.50  12.36  0.0000
16-SEP-1989 00 / 1065:  168.9  3.100  66.40  10.80  22.70  17.30  28.10  22.70  15.94  0.0000
16-OCT-1989 00 / 1066:  232.9  3.200  66.70  11.70  23.00  17.20  28.90  22.80  18.54  0.0000
16-NOV-1989 00 / 1067:  126.4  3.300  61.40  12.50  23.40  17.20  29.70  22.20  14.68  0.0000
16-DEC-1989 00 / 1068:  125.3  3.100  65.50  11.60  22.90  17.10  28.70  20.80  15.60  0.0000
16-JAN-1990 00 / 1069:   52.2  3.500  52.20  12.90  23.00  16.60  29.50  20.20   8.60  0.0000
15-FEB-1990 00 / 1070:   89.4  3.600  58.70  12.40  23.80  17.60  30.00  20.40  10.93  0.0000
16-MAR-1990 00 / 1071:  140.5  3.600  63.70  12.10  23.90  17.90  30.00  21.90  14.34  0.0000
16-APR-1990 00 / 1072:  151.1  3.300  66.60  11.30  24.40  18.80  30.10  23.40  15.10  0.0000
16-MAY-1990 00 / 1073:  108.5  3.300  62.60  11.20  24.20  18.60  29.80  23.40  13.94  0.0000
16-JUN-1990 00 / 1074:  111.3  3.000  63.50  10.80  23.70  18.30  29.10  23.40   9.29  0.0000
16-JUL-1990 00 / 1075:  102.6  2.700  73.30  10.00  22.30  17.30  27.30  22.50   9.35  0.0000
16-AUG-1990 00 / 1076:  197.4  2.800  73.10   9.70  22.30  17.50  27.20  22.60  13.14  0.0000
16-SEP-1990 00 / 1077:  176.4  3.100  66.20  10.80  22.70  17.30  28.10  22.80  15.72  0.0000
16-OCT-1990 00 / 1078:  184.8  3.200  65.90  11.20  23.00  17.40  28.60  22.60  16.84  0.0000
16-NOV-1990 00 / 1079:  109.2  3.300  60.30  12.00  23.50  17.50  29.50  22.20  13.77  0.0000
16-DEC-1990 00 / 1080:  106.2  3.200  61.90  11.80  23.70  17.80  29.60  21.30  15.05  0.0000
16-JAN-1991 00 / 1081:   44.2  3.400  54.50  13.30  22.70  16.10  29.40  20.30   8.51  0.0000
15-FEB-1991 00 / 1082:   49.2  3.900  51.40  13.40  24.30  17.60  31.00  20.10   7.21  0.0000
16-MAR-1991 00 / 1083:  142.8  3.600  65.30  12.40  24.10  17.90  30.30  21.80  13.73  0.0000
16-APR-1991 00 / 1084:  168.5  3.400  63.10  11.30  23.80  18.20  29.50  22.90  16.20  0.0000
16-MAY-1991 00 / 1085:  139.0  3.000  66.60  10.90  23.30  17.90  28.80  23.30  15.49  0.0000
16-JUN-1991 00 / 1086:  214.2  2.800  67.90  10.30  22.90  17.80  28.10  22.80  12.77  0.0000
16-JUL-1991 00 / 1087:  170.7  2.500  75.90   9.80  21.80  16.90  26.70  22.40  12.21  0.0000
16-AUG-1991 00 / 1088:  175.8  2.700  74.60   9.90  21.90  17.00  26.90  22.50  12.42  0.0000
16-SEP-1991 00 / 1089:  145.6  3.100  66.20  11.10  22.30  16.80  27.90  22.50  14.75  0.0000
16-OCT-1991 00 / 1090:  230.8  3.000  69.50  11.30  22.60  17.00  28.30  22.50  18.43  0.0000
16-NOV-1991 00 / 1091:  111.0  3.100  63.30  12.00  22.90  16.90  28.90  22.10  13.72  0.0000
16-DEC-1991 00 / 1092:   44.1  3.300  55.80  12.30  22.50  16.40  28.70  20.90   9.45  0.0000
16-JAN-1992 00 / 1093:   29.6  3.700  49.60  13.40  23.70  17.00  30.40  20.00   6.36  0.0000
15-FEB-1992 00 / 1094:   48.1  3.800  54.60  13.40  23.80  17.10  30.50  19.70   7.51  0.0000
16-MAR-1992 00 / 1095:  121.7  3.700  60.40  12.40  24.00  17.80  30.20  21.40  13.16  0.0000
16-APR-1992 00 / 1096:  184.1  3.300  65.90  11.30  23.80  18.20  29.50  22.50  16.66  0.0000
16-MAY-1992 00 / 1097:  154.9  3.100  64.00  10.90  23.40  18.00  28.90  22.70  15.97  0.0000
16-JUN-1992 00 / 1098:  211.9  2.700  74.80  10.20  22.70  17.60  27.80  22.20  12.52  0.0000
16-JUL-1992 00 / 1099:  140.4  2.600  74.80   9.70  21.70  16.90  26.60  21.80  10.88  0.0000
16-AUG-1992 00 / 1100:  172.3  2.600  80.60   9.80  21.90  17.00  26.80  22.00  12.40  0.0000
16-SEP-1992 00 / 1101:  150.0  3.000  69.20  11.00  22.30  16.80  27.80  21.90  14.93  0.0000
16-OCT-1992 00 / 1102:  207.7  3.000  71.60  11.30  22.70  17.10  28.40  22.10  17.30  0.0000
16-NOV-1992 00 / 1103:  116.2  3.200  61.40  11.90  22.90  17.00  28.90  21.70  14.08  0.0000
16-DEC-1992 00 / 1104:   74.4  3.300  56.70  12.30  22.90  16.80  29.10  20.50  12.33  0.0000
16-JAN-1993 00 / 1105:   43.6  3.600  49.70  13.30  23.10  16.50  29.80  20.00   8.25  0.0000
15-FEB-1993 00 / 1106:   83.8  3.900  51.20  13.40  23.60  16.90  30.30  19.80  10.11  0.0000
16-MAR-1993 00 / 1107:  123.3  3.700  59.50  12.40  23.80  17.60  30.00  21.40  13.43  0.0000
16-APR-1993 00 / 1108:  136.2  3.400  60.00  11.30  23.50  17.90  29.20  22.50  14.61  0.0000
16-MAY-1993 00 / 1109:  213.1  3.100  64.00  10.90  22.70  17.30  28.20  22.30  18.60  0.0000
16-JUN-1993 00 / 1110:  193.7  3.000  65.30  10.30  23.70  18.60  28.90  22.50  12.21  0.0000
16-JUL-1993 00 / 1111:   98.2  2.800  72.70   9.80  22.90  18.00  27.80  22.20   8.29  0.0000
16-AUG-1993 00 / 1112:  196.3  2.900  73.30   9.80  23.50  18.60  28.40  22.60  13.24  0.0000
16-SEP-1993 00 / 1113:  158.0  3.100  65.30  11.00  22.30  16.80  27.80  22.60  15.36  0.0000
16-OCT-1993 00 / 1114:  167.2  3.200  63.90  11.30  22.10  16.50  27.80  21.50  15.88  0.0000
16-NOV-1993 00 / 1115:  117.6  3.700  58.60  11.90  26.00  20.10  32.00  22.60  14.13  0.0000
16-DEC-1993 00 / 1116:   70.6  3.300  57.20  12.30  23.00  16.90  29.20  21.30  11.97  0.0000
16-JAN-1994 00 / 1117:   53.6  3.600  49.00  13.30  23.10  16.50  29.80  20.70  10.19  0.0000
15-FEB-1994 00 / 1118:   26.2  3.800  49.30  13.40  23.40  16.70  30.10  20.50   4.96  0.0000
16-MAR-1994 00 / 1119:  116.6  3.400  64.90  12.40  23.50  17.30  29.70  22.30  13.11  0.0000
16-APR-1994 00 / 1120:  187.8  3.300  63.70  11.30  23.60  18.00  29.30  23.60  16.88  0.0000
16-MAY-1994 00 / 1121:  260.6  3.200  65.50  10.90  23.80  18.40  29.30  22.60  20.01  0.0000
16-JUN-1994 00 / 1122:  163.0  2.900  67.00  10.30  22.70  17.60  27.90  22.20  11.27  0.0000
16-JUL-1994 00 / 1123:  155.0  2.500  75.70   9.80  21.30  16.40  26.20  21.50  11.54  0.0000
16-AUG-1994 00 / 1124:  242.3  2.700  76.50   9.80  21.90  17.00  26.80  21.70  14.59  0.0000
16-SEP-1994 00 / 1125:  128.1  3.200  64.50  11.00  22.50  17.00  28.00  21.70  13.46  0.0000
16-OCT-1994 00 / 1126:  201.9  3.200  63.60  11.30  22.70  17.10  28.40  21.70  17.50  0.0000
16-NOV-1994 00 / 1127:  152.8  3.100  66.20  11.90  22.80  16.90  28.80  21.30  15.95  0.0000
16-DEC-1994 00 / 1128:   53.7  3.300  58.00  12.30  22.80  16.70  29.00  20.20  10.70  0.0000
16-JAN-1995 00 / 1129:   30.0  3.600  48.80  13.30  22.90  16.30  29.60  19.90   6.79  0.0000
15-FEB-1995 00 / 1130:   58.1  3.900  51.20  13.40  23.80  17.10  30.50  19.70   8.12  0.0000
16-MAR-1995 00 / 1131:  113.8  3.600  64.50  12.40  24.20  18.00  30.40  21.50  12.35  0.0000
16-APR-1995 00 / 1132:  168.8  3.500  62.60  11.30  24.40  18.80  30.10  23.30  16.21  0.0000
16-MAY-1995 00 / 1133:  196.1  3.100  64.30  10.90  23.50  18.10  29.00  23.60  17.60  0.0000
16-JUN-1995 00 / 1134:  169.6  2.700  72.70  10.30  23.00  17.90  28.20  23.10  11.19  0.0000
16-JUL-1995 00 / 1135:  120.8  2.500  77.00   9.80  21.80  16.90  26.70  22.70  10.14  0.0000
16-AUG-1995 00 / 1136:  137.9  2.900  75.10   9.80  23.40  18.50  28.30  22.60  11.08  0.0000
16-SEP-1995 00 / 1137:  160.2  3.100  69.70  11.00  22.80  17.30  28.30  22.40  15.45  0.0000
16-OCT-1995 00 / 1138:  187.3  3.100  68.60  11.30  22.80  17.20  28.50  22.50  16.53  0.0000
16-NOV-1995 00 / 1139:  112.5  3.300  64.20  12.00  24.50  18.50  30.50  22.30  13.64  0.0000
16-DEC-1995 00 / 1140:   51.1  3.200  58.90  12.30  23.00  16.90  29.20  21.00  10.31  0.0000
16-JAN-1996 00 / 1141:   78.6  3.500  53.80  13.30  23.40  16.80  30.10  20.40  12.49  0.0000
15-FEB-1996 00 / 1142:   65.5  3.800  53.80  13.50  23.80  17.10  30.60  20.20   9.81  0.0000
16-MAR-1996 00 / 1143:  139.4  3.500  64.10  12.40  23.60  17.40  29.80  21.80  14.14  0.0000
16-APR-1996 00 / 1144:  123.9  3.300  66.30  11.30  23.60  18.00  29.30  22.90  13.45  0.0000
16-MAY-1996 00 / 1145:  156.0  3.100  63.10  10.90  23.30  17.90  28.80  23.40  16.06  0.0000
16-JUN-1996 00 / 1146:  170.8  2.800  68.50  10.40  22.70  17.50  27.90  22.90  10.91  0.0000
16-JUL-1996 00 / 1147:  116.6  2.500  80.30   9.70  22.20  17.40  27.10  22.00  10.02  0.0000
16-AUG-1996 00 / 1148:  175.8  2.800  73.70   9.90  22.00  17.10  27.00  22.00  12.49  0.0000
16-SEP-1996 00 / 1149:  159.0  3.000  69.40  11.00  22.30  16.80  27.80  22.10  15.53  0.0000
16-OCT-1996 00 / 1150:  253.4  3.100  67.50  11.30  22.70  17.10  28.40  22.10  19.15  0.0000
16-NOV-1996 00 / 1151:  130.1  3.200  63.80  11.90  23.10  17.20  29.10  21.70  13.93  0.0000
16-DEC-1996 00 / 1152:   46.9  3.300  58.70  12.30  22.90  16.80  29.10  20.50   9.51  0.0000
16-JAN-1997 00 / 1153:   89.1  3.600  53.80  13.30  23.40  16.80  30.10  20.00  13.01  0.0000
15-FEB-1997 00 / 1154:   21.2  3.800  53.80  13.40  23.80  17.10  30.50  19.80   2.92  0.0000
16-MAR-1997 00 / 1155:  120.1  3.800  62.20  12.40  24.80  18.60  31.00  21.50  13.23  0.0000
16-APR-1997 00 / 1156:  195.4  3.300  66.30  11.30  23.70  18.10  29.40  22.60  17.42  0.0000
16-MAY-1997 00 / 1157:  152.4  2.900  72.40  10.90  23.40  18.00  28.90  22.80  16.10  0.0000
16-JUN-1997 00 / 1158:  137.9  2.900  66.10  10.30  22.90  17.80  28.10  22.40  10.37  0.0000
16-JUL-1997 00 / 1159:  129.6  2.500  78.60   9.80  21.80  16.90  26.70  21.90  10.74  0.0000
16-AUG-1997 00 / 1160:  148.0  2.800  72.80   9.80  21.80  16.90  26.70  22.10  11.30  0.0000
16-SEP-1997 00 / 1161:  108.8  3.200  65.00  11.00  22.60  17.10  28.10  22.10  12.53  0.0000
16-OCT-1997 00 / 1162:  195.2  3.100  68.40  11.30  22.90  17.30  28.60  22.10  17.16  0.0000
16-NOV-1997 00 / 1163:  181.1  3.200  63.80  12.00  23.20  17.20  29.20  21.70  17.13  0.0000
16-DEC-1997 00 / 1164:  114.5  3.100  66.00  12.30  23.00  16.90  29.20  20.60  14.88  0.0000
16-JAN-1998 00 / 1165:  106.2  3.600  53.80  13.40  23.40  16.70  30.10  20.00  13.98  0.0000
15-FEB-1998 00 / 1166:   59.6  3.900  53.80  13.50  24.20  17.50  31.00  20.00   9.19  0.0000
16-MAR-1998 00 / 1167:  134.3  3.800  61.50  12.40  25.30  19.10  31.50  22.10  13.93  0.0000
16-APR-1998 00 / 1168:  152.6  3.300  66.30  11.30  24.10  18.50  29.80  23.40  15.64  0.0000
16-MAY-1998 00 / 1169:  180.5  3.000  67.20  10.90  23.30  17.90  28.80  23.70  17.53  0.0000
16-JUN-1998 00 / 1170:  140.7  3.000  61.20  10.30  22.90  17.80  28.10  23.10  10.56  0.0000
16-JUL-1998 00 / 1171:  145.1  2.500  78.20   9.80  21.80  16.90  26.70  22.70  11.02  0.0000
16-AUG-1998 00 / 1172:  133.7  2.700  72.90   9.70  22.00  17.20  26.90  22.80  10.63  0.0000
16-SEP-1998 00 / 1173:  148.5  3.000  70.30  11.00  22.70  17.20  28.20  22.60  14.88  0.0000
16-OCT-1998 00 / 1174:  217.4  3.100  67.50  10.50  22.80  17.60  28.10  22.80  18.03  0.0000
16-NOV-1998 00 / 1175:  114.1  3.200  63.80  12.50  23.50  17.30  29.80  21.90  13.91  0.0000
16-DEC-1998 00 / 1176:   37.9  3.400  61.20  13.30  24.50  17.90  31.20  20.60   8.29  0.0000
16-JAN-1999 00 / 1177:   45.4  3.500  53.80  13.00  23.30  16.80  29.80  20.40   8.05  0.0000
15-FEB-1999 00 / 1178:   41.9  4.000  53.80  13.80  25.10  18.20  32.00  20.20   7.32  0.0000
16-MAR-1999 00 / 1179:  146.3  3.500  69.00  12.40  24.10  17.90  30.30  21.80  14.45  0.0000
16-APR-1999 00 / 1180:  126.1  3.300  66.30  11.30  24.00  18.40  29.70  23.10  14.05  0.0000
16-MAY-1999 00 / 1181:  140.7  3.100  61.30  10.90  23.00  17.60  28.50  23.10  15.42  0.0000
16-JUN-1999 00 / 1182:  115.4  3.000  60.50  10.30  22.70  17.60  27.90  22.80   9.37  0.0000
16-JUL-1999 00 / 1183:  108.0  2.600  74.00   9.80  21.90  17.00  26.80  22.30   9.13  0.0000
16-AUG-1999 00 / 1184:  214.4  2.500  83.70   9.80  21.90  17.00  26.80  22.30  13.88  0.0000
16-SEP-1999 00 / 1185:  162.4  3.000  68.30  11.00  22.30  16.80  27.80  22.40  15.54  0.0000
16-OCT-1999 00 / 1186:  217.4  3.100  63.20   9.90  22.10  17.20  27.10  22.80  18.05  0.0000
16-NOV-1999 00 / 1187:  112.2  3.200  63.80  12.00  23.20  17.20  29.20  22.00  13.71  0.0000
16-DEC-1999 00 / 1188:   61.1  3.200  62.20  12.30  23.10  17.00  29.30  20.70  11.33  0.0000
16-JAN-2000 00 / 1189:   26.1  3.600  53.80  13.60  23.60  16.80  30.40  20.00   6.43  0.0000
15-FEB-2000 00 / 1190:   35.0  3.900  53.80  13.40  24.50  17.80  31.20  20.00   5.96  0.0000
16-MAR-2000 00 / 1191:   84.9  3.600  65.10  13.00  24.10  17.60  30.60  21.20  11.01  0.0000
16-APR-2000 00 / 1192:  137.5  3.400  66.30  11.60  24.60  18.80  30.40  22.90  14.72  0.0000
16-MAY-2000 00 / 1193:  132.6  3.200  65.40  11.30  24.70  19.10  30.40  23.90  15.07  0.0000
16-JUN-2000 00 / 1194:  122.9  3.000  63.70  10.70  23.20  17.90  28.60  23.40   9.99  0.0000
16-JUL-2000 00 / 1195:  124.4  2.900  65.90   9.40  23.00  18.30  27.70  22.60  10.29  0.0000
16-AUG-2000 00 / 1196:  165.9  2.900  74.50  10.10  23.60  18.60  28.70  23.00  12.34  0.0000
16-SEP-2000 00 / 1197:  129.8  3.100  69.60  11.90  22.60  16.70  28.60  22.80  14.03  0.0000
16-OCT-2000 00 / 1198:  199.0  3.100  68.30  11.30  22.80  17.20  28.50  23.30  17.13  0.0000
16-NOV-2000 00 / 1199:  129.4  3.300  63.80  12.80  24.40  18.00  30.80  22.50  14.60  0.0000
16-DEC-2000 00 / 1200:   56.5  3.200  60.00  12.40  23.40  17.20  29.60  21.50  10.23  0.0000
16-JAN-2001 00 / 1201:   44.8  3.700  53.80  13.60  24.60  17.80  31.40  20.50   8.15  0.0000
15-FEB-2001 00 / 1202:   65.8  4.100  53.80  13.40  25.80  19.10  32.50  20.90   9.00  0.0000
16-MAR-2001 00 / 1203:  126.4  3.700  64.20  11.90  25.00  19.10  31.00  22.20  13.37  0.0000
16-APR-2001 00 / 1204:  165.3  3.500  66.30  11.40  25.30  19.60  31.00  23.70  16.01  0.0000
16-MAY-2001 00 / 1205:  158.8  3.300  65.00  11.00  25.20  19.70  30.70  23.90  16.19  0.0000
16-JUN-2001 00 / 1206:  151.3  3.000  64.00  10.10  23.40  18.40  28.50  22.90  10.71  0.0000
16-JUL-2001 00 / 1207:  146.3  2.600  79.80   9.60  23.30  18.50  28.10  22.80  11.11  0.0000
16-AUG-2001 00 / 1208:  185.5  2.800  76.30   9.80  23.00  18.10  27.90  22.90  12.79  0.0000
16-SEP-2001 00 / 1209:  170.6  3.100  70.80  11.40  23.20  17.50  28.90  22.90  15.78  0.0000
16-OCT-2001 00 / 1210:  196.8  3.300  67.50  11.30  24.20  18.60  29.90  23.30  17.04  0.0000
16-NOV-2001 00 / 1211:  130.2  3.300  63.80  12.00  24.20  18.20  30.20  22.70  14.61  0.0000
16-DEC-2001 00 / 1212:   57.6  3.200  63.70  13.30  23.30  16.70  30.00  21.00  10.27  0.0000
16-JAN-2002 00 / 1213:   44.7  3.700  53.80  13.30  24.60  18.00  31.30  20.60   8.14  0.0000
15-FEB-2002 00 / 1214:   66.2  4.100  53.80  13.40  26.00  19.30  32.70  21.10   9.05  0.0000
16-MAR-2002 00 / 1215:  128.1  3.700  65.00  12.40  25.10  18.90  31.30  22.20  13.45  0.0000
16-APR-2002 00 / 1216:  165.0  3.500  66.30  11.30  25.60  20.00  31.30  23.70  16.00  0.0000
16-MAY-2002 00 / 1217:  158.6  3.300  64.30  10.90  24.90  19.50  30.40  24.00  16.18  0.0000
16-JUN-2002 00 / 1218:  151.7  3.000  67.50  10.20  24.20  19.10  29.30  23.40  10.72  0.0000
16-JUL-2002 00 / 1219:  145.9  2.800  75.00   9.80  24.10  19.20  29.00  23.20  11.09  0.0000
16-AUG-2002 00 / 1220:  185.8  2.900  76.30  10.20  23.90  18.80  29.00  23.00  12.80  0.0000
16-SEP-2002 00 / 1221:  171.2  3.400  67.50  11.90  24.40  18.50  30.40  23.00  15.81  0.0000
16-OCT-2002 00 / 1222:  198.0  3.200  67.50  11.60  23.30  17.50  29.10  22.20  17.07  0.0000
16-NOV-2002 00 / 1223:  130.3  3.300  63.80  11.10  24.20  18.70  29.80  22.90  14.62  0.0000
16-DEC-2002 00 / 1224:   59.8  3.400  60.00  12.30  24.40  18.30  30.60  21.30  10.45  0.0000
16-JAN-2003 00 / 1225:   45.4  3.700  52.00  13.30  24.50  17.90  31.20  21.10   8.27  0.0000
15-FEB-2003 00 / 1226:   66.8  3.900  53.80  13.40  24.40  17.70  31.10  20.90   9.07  0.0000
16-MAR-2003 00 / 1227:  127.0  3.800  63.70  12.30  25.40  19.30  31.60  22.60  13.41  0.0000
16-APR-2003 00 / 1228:  164.7  3.500  66.00  10.60  25.60  20.30  30.90  24.10  15.99  0.0000
16-MAY-2003 00 / 1229:  159.4  3.300  64.80  10.40  25.20  20.00  30.40  24.10  16.22  0.0000
16-JUN-2003 00 / 1230:  150.7  2.900  67.00   9.90  23.60  18.70  28.60  23.20  10.69  0.0000
16-JUL-2003 00 / 1231:  146.1  2.800  73.30   9.70  23.40  18.60  28.30  22.90  11.11  0.0000
16-AUG-2003 00 / 1232:  186.6  2.700  76.30   9.80  22.60  17.70  27.50  23.00  12.82  0.0000
16-SEP-2003 00 / 1233:  171.8  3.100  68.90   9.90  23.50  18.60  28.50  23.80  15.83  0.0000
16-OCT-2003 00 / 1234:  195.5  3.200  67.50  11.30  23.90  18.30  29.60  23.30  16.98  0.0000
16-NOV-2003 00 / 1235:  129.9  3.300  63.20  11.30  24.40  18.80  30.10  23.20  14.59  0.0000
16-DEC-2003 00 / 1236:   58.3  3.700  56.70  13.10  25.80  19.30  32.40  21.70  10.36  0.0000
16-JAN-2004 00 / 1237:   46.6  3.700  53.50  12.60  25.10  18.80  31.40  21.60   8.35  0.0000
15-FEB-2004 00 / 1238:   65.5  4.100  50.40  14.20  25.50  18.40  32.60  20.70   8.96  0.0000
16-MAR-2004 00 / 1239:  126.9  3.700  65.00  12.50  25.10  18.90  31.40  22.50  13.40  0.0000
16-APR-2004 00 / 1240:  166.0  3.300  66.90  10.30  24.30  19.20  29.50  23.40  16.04  0.0000
16-MAY-2004 00 / 1241:  158.2  3.300  64.50  10.70  24.70  19.40  30.10  24.00  16.16  0.0000
16-JUN-2004 00 / 1242:  151.0  3.000  66.80  10.00  24.00  19.00  29.00  23.50  10.69  0.0000
16-JUL-2004 00 / 1243:  145.7  2.800  72.60  10.00  23.40  18.40  28.40  22.90  11.10  0.0000
16-AUG-2004 00 / 1244:  187.6  2.900  73.90  10.20  23.50  18.40  28.60  23.10  12.84  0.0000
16-SEP-2004 00 / 1245:  169.7  3.200  66.40  11.00  23.00  17.50  28.50  22.60  15.73  0.0000
16-OCT-2004 00 / 1246:  195.8  3.300  66.30  11.30  24.00  18.40  29.70  22.90  17.00  0.0000
16-NOV-2004 00 / 1247:  131.1  3.300  62.70  11.50  24.20  18.50  30.00  22.60  14.65  0.0000
16-DEC-2004 00 / 1248:   57.6  3.400  59.00  12.00  24.00  18.00  30.00  21.00  10.22  0.0000
16-JAN-2005 00 / 1249:   44.7  3.600  51.10  13.50  23.40  16.70  30.20  19.90   8.14  0.0000
15-FEB-2005 00 / 1250:   65.5  4.300  50.60  13.90  26.90  20.00  33.90  20.80   8.93  0.0000
16-MAR-2005 00 / 1251:  126.5  3.800  65.40  11.70  26.00  20.20  31.90  22.80  13.38  0.0000
16-APR-2005 00 / 1252:  165.0  3.700  63.20  11.90  26.30  20.40  32.30  23.90  16.00  0.0000
16-MAY-2005 00 / 1253:  159.1  3.200  65.30  10.30  24.20  19.10  29.40  23.40  16.20  0.0000
16-JUN-2005 00 / 1254:  150.8  3.000  67.00   9.90  23.80  18.90  28.80  23.40  10.69  0.0000
16-JUL-2005 00 / 1255:  145.6  2.700  74.00   9.40  22.40  17.70  27.10  22.50  11.08  0.0000
16-AUG-2005 00 / 1256:  185.1  2.800  75.00   9.80  23.10  18.20  28.00  22.80  12.76  0.0000
16-SEP-2005 00 / 1257:  170.5  3.300  66.40  11.00  23.70  18.20  29.20  23.30  15.78  0.0000
16-OCT-2005 00 / 1258:  195.7  3.200  66.90  11.00  23.40  17.90  28.90  22.90  16.99  0.0000
16-NOV-2005 00 / 1259:  129.2  3.400  61.10  12.10  25.00  19.00  31.10  23.80  14.55  0.0000
16-DEC-2005 00 / 1260:   57.5  3.800  53.80  14.30  25.90  18.80  33.10  21.60  10.22  0.0000
16-JAN-2006 00 / 1261:   44.7  3.800  53.10  12.90  25.20  18.80  31.70  21.00   8.14  0.0000
15-FEB-2006 00 / 1262:   65.7  4.200  52.00  13.20  26.30  19.70  32.90  21.20   8.99  0.0000
16-MAR-2006 00 / 1263:  128.8  3.700  65.70  11.60  25.80  20.00  31.60  22.60  13.48  0.0000
16-APR-2006 00 / 1264:  165.7  3.500  65.00  11.20  25.60  20.00  31.20  24.10  16.03  0.0000
16-MAY-2006 00 / 1265:  159.4  3.100  65.00  10.70  23.40  18.10  28.80  23.10  16.22  0.0000
16-JUN-2006 00 / 1266:  150.5  2.900  66.20  10.30  23.10  18.00  28.30  22.80  10.69  0.0000
16-JUL-2006 00 / 1267:  145.2  2.800  72.60   9.90  23.20  18.30  28.20  23.20  11.07  0.0000
16-AUG-2006 00 / 1268:  187.6  2.800  78.20   9.50  23.30  18.60  28.10  23.40  12.84  0.0000
16-SEP-2006 00 / 1269:  171.4  3.100  67.10  10.70  22.70  17.40  28.10  22.60  15.82  0.0000
16-OCT-2006 00 / 1270:  195.6  3.300  66.30  11.30  24.30  18.70  30.00  23.60  16.99  0.0000
16-NOV-2006 00 / 1271:  129.7  3.300  63.80  11.90  24.50  18.60  30.50  23.00  14.59  0.0000
16-DEC-2006 00 / 1272:   59.1  3.400  59.10  11.80  24.10  18.20  30.00  21.30  10.42  0.0000
16-JAN-2007 00 / 1273:   44.6  3.700  53.30  12.70  24.50  18.20  30.90  21.20   8.12  0.0000
15-FEB-2007 00 / 1274:   65.4  4.100  52.10  13.00  26.20  19.70  32.70  21.20   8.91  0.0000
16-MAR-2007 00 / 1275:  126.2  4.000  65.00  12.50  26.90  20.70  33.20  22.70  13.36  0.0000
16-APR-2007 00 / 1276:  165.4  3.500  65.90  10.90  25.90  20.50  31.40  24.10  16.02  0.0000
16-MAY-2007 00 / 1277:  159.2  3.400  63.30  11.10  25.70  20.20  31.30  24.30  16.21  0.0000
16-JUN-2007 00 / 1278:  151.2  2.900  67.50  10.20  22.90  17.80  28.00  22.60  10.71  0.0000
16-JUL-2007 00 / 1279:  146.7  2.500  79.70   9.70  22.20  17.40  27.10  22.30  11.12  0.0000
16-AUG-2007 00 / 1280:  185.8  2.800  75.70   9.50  22.80  18.10  27.60  22.70  12.79  0.0000
16-SEP-2007 00 / 1281:  171.8  3.100  67.50  10.90  22.80  17.40  28.30  22.50  15.83  0.0000
16-OCT-2007 00 / 1282:  195.5  3.200  67.50  11.40  23.80  18.10  29.50  22.70  16.98  0.0000
16-NOV-2007 00 / 1283:  130.3  3.300  62.40  11.90  23.50  17.60  29.50  21.60  14.62  0.0000
16-DEC-2007 00 / 1284:   57.4  3.600  58.70  12.10  25.60  19.60  31.70  22.00  10.20  0.0000
16-JAN-2008 00 / 1285:   46.1  3.900  54.20  12.30  26.50  20.40  32.70  21.60   8.34  0.0000
15-FEB-2008 00 / 1286:   65.4  4.100  53.40  12.80  26.30  19.90  32.70  21.50   8.91  0.0000
16-MAR-2008 00 / 1287:  126.1  3.800  64.60  12.10  26.20  20.20  32.30  22.80  13.35  0.0000
16-APR-2008 00 / 1288:  164.6  3.300  66.30  11.20  24.00  18.40  29.60  23.50  15.98  0.0000
16-MAY-2008 00 / 1289:  158.7  3.200  65.00  10.50  24.10  18.90  29.40  23.90  16.19  0.0000
16-JUN-2008 00 / 1290:  151.5  2.900  67.00  10.00  23.30  18.30  28.30  23.00  10.72  0.0000
16-JUL-2008 00 / 1291:  145.7  2.800  73.30   9.80  23.20  18.30  28.10  22.90  11.09  0.0000
16-AUG-2008 00 / 1292:  185.6  2.800  76.20   9.20  23.50  18.90  28.10  23.70  12.79  0.0000
16-SEP-2008 00 / 1293:  173.1  3.200  67.70  10.60  23.60  18.30  28.90  23.50  15.88  0.0000
16-OCT-2008 00 / 1294:  197.3  3.100  68.20  10.40  23.40  18.20  28.60  22.90  17.05  0.0000
16-NOV-2008 00 / 1295:  130.4  3.300  62.50  11.90  24.50  18.60  30.50  23.20  14.62  0.0000
16-DEC-2008 00 / 1296:   57.4  3.200  60.00  12.30  23.00  16.90  29.20  21.70  10.20  0.0000
16-JAN-2009 00 / 1297:   45.0  3.800  53.80  13.30  25.60  19.00  32.30  21.20   8.20  0.0000
15-FEB-2009 00 / 1298:   67.3  4.000  53.80  13.40  25.40  18.70  32.10  20.90   9.10  0.0000
16-MAR-2009 00 / 1299:  126.1  3.700  64.40  12.00  25.30  19.30  31.30  22.80  13.35  0.0000
16-APR-2009 00 / 1300:  165.0  3.400  65.80  10.70  25.00  19.70  30.40  23.50  16.00  0.0000
16-MAY-2009 00 / 1301:  158.1  3.300  65.00  10.90  25.20  19.80  30.70  23.90  16.15  0.0000
16-JUN-2009 00 / 1302:  150.0  2.900  67.50  10.30  23.20  18.10  28.40  23.50  10.66  0.0000
16-JUL-2009 00 / 1303:  145.8  2.800  75.00   9.80  24.30  19.40  29.20  23.60  11.10  0.0000
16-AUG-2009 00 / 1304:  185.7  2.900  76.30   9.80  24.20  19.30  29.10  23.50  12.79  0.0000
16-SEP-2009 00 / 1305:  171.4  3.300  67.50  11.00  24.20  18.70  29.70  23.20  15.82  0.0000
16-OCT-2009 00 / 1306:  195.3  3.300  66.50  11.20  24.50  18.90  30.10  23.60  16.97  0.0000
16-NOV-2009 00 / 1307:  130.5  3.300  63.80  11.90  24.50  18.60  30.50  23.40  14.63  0.0000
16-DEC-2009 00 / 1308:   58.6  3.600  60.00  12.30  25.80  19.70  32.00  22.00  10.39  0.0000
16-JAN-2010 00 / 1309:   45.0  3.600  53.80  13.30  23.90  17.30  30.60  21.30   8.20  0.0000
15-FEB-2010 00 / 1310:   66.8  3.800  53.80  13.40  24.00  17.30  30.70  19.70   9.08  0.0000
16-MAR-2010 00 / 1311:  126.6  3.700  65.00  12.40  25.50  19.30  31.70  22.90  13.39  0.0000
16-APR-2010 00 / 1312:  165.1  3.500  66.30  11.30  25.60  20.00  31.30  24.10  16.01  0.0000
16-MAY-2010 00 / 1313:  158.7  3.200  65.00  10.90  24.80  19.40  30.30  24.40  16.19  0.0000
16-JUN-2010 00 / 1314:  151.3  2.900  67.50  10.30  23.60  18.50  28.80  23.40  10.71  0.0000
16-JUL-2010 00 / 1315:  146.7  2.700  75.00   9.80  23.10  18.20  28.00  22.90  11.12  0.0000
16-AUG-2010 00 / 1316:  185.0  2.800  76.30   9.80  23.30  18.40  28.20  23.60  12.76  0.0000
16-SEP-2010 00 / 1317:  170.7  3.300  67.50  11.00  23.90  18.40  29.40  23.40  15.79  0.0000
16-OCT-2010 00 / 1318:  196.2  3.300  67.50  11.30  24.30  18.70  30.00  23.50  17.01  0.0000
16-NOV-2010 00 / 1319:  129.5  3.400  63.80  11.90  24.90  19.00  30.90  23.20  14.58  0.0000
16-DEC-2010 00 / 1320:   58.6  3.500  60.00  12.30  25.00  18.90  31.20  21.90  10.39  0.0000
