Year         X      XX         PRED   PETD   CLDD   DTRD   TMPD   TMND   TMXD   VAPD   WETD    FRSD
16-JAN-1960 00 /  709:   41.3  3.700  58.50  13.40  21.10  14.40  27.80  16.30  11.79  0.0000
15-FEB-1960 00 /  710:   77.2  3.700  64.60  12.00  21.90  15.90  27.90  16.80  15.54  0.0000
16-MAR-1960 00 /  711:   82.5  3.500  70.60  11.80  21.20  15.30  27.10  17.30  14.77  0.0000
16-APR-1960 00 /  712:  139.6  2.900  77.40   9.70  20.80  16.00  25.70  18.70  18.63  0.0000
16-MAY-1960 00 /  713:  110.8  3.000  65.40  10.30  21.00  15.90  26.20  19.70  18.11  0.0000
16-JUN-1960 00 /  714:   64.2  2.200  99.60  11.00  20.50  15.00  26.00  18.60  10.22  0.0000
16-JUL-1960 00 /  715:   60.0  2.700  69.50  10.80  19.50  14.10  24.90  18.10   9.79  0.0000
16-AUG-1960 00 /  716:  201.0  2.800  71.50  10.60  19.90  14.60  25.20  18.70  15.60  0.0000
16-SEP-1960 00 /  717:  127.5  3.000  70.10  10.70  20.00  14.70  25.40  18.50  14.09  0.0000
16-OCT-1960 00 /  718:  167.8  3.100  66.00  10.80  20.20  14.80  25.60  18.90  17.88  0.0000
16-NOV-1960 00 /  719:  104.9  3.200  60.50  11.60  20.60  14.80  26.40  18.40  14.80  0.0000
16-DEC-1960 00 /  720:   40.1  3.500  52.60  12.60  21.20  14.90  27.50  18.00  12.13  0.0000
16-JAN-1961 00 /  721:   12.4  3.700  60.30  13.90  21.50  14.60  28.50  16.40   5.61  0.0000
15-FEB-1961 00 /  722:   44.6  3.700  63.20  12.50  21.40  15.20  27.70  16.20  12.43  0.0000
16-MAR-1961 00 /  723:   89.3  3.600  65.20  12.30  21.70  15.60  27.90  17.80  15.35  0.0000
16-APR-1961 00 /  724:  130.3  3.300  68.00  10.80  21.60  16.20  27.00  19.20  18.00  0.0000
16-MAY-1961 00 /  725:  106.3  3.200  61.00  10.70  21.70  16.40  27.10  20.30  17.96  0.0000
16-JUN-1961 00 /  726:  134.6  2.900  64.50  10.90  20.50  15.10  26.00  19.00  14.81  0.0000
16-JUL-1961 00 /  727:  129.6  2.700  72.50  10.00  19.60  14.60  24.60  18.40  14.10  0.0000
16-AUG-1961 00 /  728:  173.6  2.600  76.20   9.40  19.30  14.60  24.00  18.30  14.66  0.0000
16-SEP-1961 00 /  729:  202.5  2.900  73.40  10.10  19.80  14.80  24.90  18.20  17.62  0.0000
16-OCT-1961 00 /  730:  230.9  2.800  75.30   9.80  19.90  15.00  24.80  18.50  20.56  0.0000
16-NOV-1961 00 /  731:  387.5  2.700  78.00  10.00  19.50  14.50  24.50  17.20  26.72  0.0000
16-DEC-1961 00 /  732:   48.8  3.200  60.80  11.10  19.50  14.00  25.10  16.10  14.55  0.0000
16-JAN-1962 00 /  733:   42.5  3.500  61.20  12.60  20.00  13.70  26.30  14.90  12.65  0.0000
15-FEB-1962 00 /  734:   10.4  4.200  46.70  14.70  21.30  14.00  28.70  15.20   4.51  0.0000
16-MAR-1962 00 /  735:  110.8  3.500  69.30  11.80  21.20  15.30  27.10  17.20  17.03  0.0000
16-APR-1962 00 /  736:  176.1  3.200  68.10  10.80  21.10  15.70  26.50  18.60  20.40  0.0000
16-MAY-1962 00 /  737:  162.3  2.900  67.60  10.20  20.40  15.30  25.50  18.80  21.82  0.0000
16-JUN-1962 00 /  738:  113.5  2.900  65.90  10.90  20.10  14.70  25.60  18.20  13.55  0.0000
16-JUL-1962 00 /  739:   66.3  2.800  68.60  10.90  19.70  14.30  25.20  18.30  10.28  0.0000
16-AUG-1962 00 /  740:  164.6  2.800  73.30  10.10  19.70  14.70  24.80  18.50  14.44  0.0000
16-SEP-1962 00 /  741:  208.7  2.900  72.40  10.50  20.00  14.80  25.30  18.60  17.76  0.0000
16-OCT-1962 00 /  742:  199.6  3.000  67.40  10.90  20.10  14.70  25.60  18.70  19.21  0.0000
16-NOV-1962 00 /  743:  129.9  3.300  57.30  12.10  20.50  14.50  26.60  18.50  16.43  0.0000
16-DEC-1962 00 /  744:   59.5  3.400  55.80  12.20  20.60  14.50  26.70  17.20  15.55  0.0000
16-JAN-1963 00 /  745:   92.6  3.600  63.00  12.60  21.20  14.90  27.50  16.30  17.89  0.0000
15-FEB-1963 00 /  746:   82.0  3.800  60.30  12.90  21.40  15.00  27.90  16.20  16.48  0.0000
16-MAR-1963 00 /  747:  125.3  3.700  64.40  12.40  21.50  15.30  27.70  17.50  17.92  0.0000
16-APR-1963 00 /  748:  212.4  3.000  75.10  10.40  20.70  15.50  25.90  18.60  22.59  0.0000
16-MAY-1963 00 /  749:  148.7  2.900  68.80  10.00  20.60  15.60  25.60  19.40  21.08  0.0000
16-JUN-1963 00 /  750:   68.8  2.900  61.20  11.00  20.10  14.60  25.60  18.60  10.71  0.0000
16-JUL-1963 00 /  751:   79.6  2.800  67.70  10.70  19.70  14.40  25.10  18.60  11.27  0.0000
16-AUG-1963 00 /  752:   94.9  2.800  69.90  10.90  19.50  14.10  25.00  18.30  11.24  0.0000
16-SEP-1963 00 /  753:   72.7  3.200  62.90  11.90  20.20  14.30  26.20  18.60  10.86  0.0000
16-OCT-1963 00 /  754:  119.0  3.300  59.80  12.00  20.80  14.80  26.80  19.20  14.93  0.0000
16-NOV-1963 00 /  755:  216.6  2.900  68.90  10.20  20.30  15.20  25.40  19.00  20.71  0.0000
16-DEC-1963 00 /  756:   76.6  3.200  60.80  11.60  20.20  14.40  26.00  17.30  17.58  0.0000
16-JAN-1964 00 /  757:   16.9  3.600  61.20  13.20  21.30  14.70  27.90  16.80   7.42  0.0000
15-FEB-1964 00 /  758:   51.7  3.800  60.20  12.90  21.80  15.40  28.30  16.60  13.15  0.0000
16-MAR-1964 00 /  759:  107.6  3.700  63.80  12.50  21.90  15.70  28.20  17.90  16.84  0.0000
16-APR-1964 00 /  760:  149.5  3.200  67.50  10.70  21.20  15.90  26.60  18.80  19.21  0.0000
16-MAY-1964 00 /  761:   73.1  3.000  63.80  10.70  20.80  15.50  26.20  19.50  15.34  0.0000
16-JUN-1964 00 /  762:   63.5  2.900  64.70  10.90  20.00  14.60  25.50  18.30  10.52  0.0000
16-JUL-1964 00 /  763:   93.8  2.700  70.20  10.50  19.10  13.90  24.40  18.00  11.90  0.0000
16-AUG-1964 00 /  764:  192.6  2.700  72.50  10.10  19.20  14.20  24.30  18.10  15.34  0.0000
16-SEP-1964 00 /  765:  173.3  2.900  69.90  10.80  19.50  14.10  24.90  18.10  16.42  0.0000
16-OCT-1964 00 /  766:  213.7  3.000  67.80  10.80  19.70  14.30  25.10  18.40  19.82  0.0000
16-NOV-1964 00 /  767:   59.7  3.400  54.10  12.30  20.50  14.40  26.70  18.10  11.39  0.0000
16-DEC-1964 00 /  768:   86.7  3.200  58.90  11.90  20.00  14.10  26.00  17.10  19.03  0.0000
16-JAN-1965 00 /  769:   20.6  3.700  55.60  13.70  20.90  14.10  27.80  16.00   8.83  0.0000
15-FEB-1965 00 /  770:   22.5  3.900  57.30  13.50  20.80  14.10  27.60  15.00   8.72  0.0000
16-MAR-1965 00 /  771:  119.9  3.600  67.40  12.10  21.50  15.50  27.60  17.70  17.61  0.0000
16-APR-1965 00 /  772:  122.9  3.200  66.80  11.00  21.00  15.50  26.50  18.50  17.33  0.0000
16-MAY-1965 00 /  773:   96.4  3.300  58.50  11.40  21.10  15.40  26.80  19.20  17.28  0.0000
16-JUN-1965 00 /  774:   50.7  3.100  55.00  11.80  20.20  14.30  26.10  18.40   9.35  0.0000
16-JUL-1965 00 /  775:   72.1  3.000  62.80  11.60  19.80  14.00  25.60  18.00  10.67  0.0000
16-AUG-1965 00 /  776:  124.0  2.800  69.90  11.00  19.50  14.00  25.00  18.40  12.60  0.0000
16-SEP-1965 00 /  777:  127.3  3.100  66.10  11.40  20.30  14.60  26.00  18.60  14.25  0.0000
16-OCT-1965 00 /  778:  250.5  3.000  67.50  10.90  20.00  14.60  25.50  18.70  21.41  0.0000
16-NOV-1965 00 /  779:  178.0  3.200  62.10  11.20  20.60  15.00  26.20  18.50  19.06  0.0000
16-DEC-1965 00 /  780:   76.5  3.500  51.60  12.60  20.70  14.40  27.00  17.50  16.85  0.0000
16-JAN-1966 00 /  781:   39.8  3.700  57.80  13.40  21.80  15.10  28.50  17.00  11.01  0.0000
15-FEB-1966 00 /  782:   67.4  3.600  67.50  11.90  21.70  15.80  27.70  16.70  15.01  0.0000
16-MAR-1966 00 /  783:  102.8  3.400  71.30  11.40  21.50  15.80  27.20  17.70  16.37  0.0000
16-APR-1966 00 /  784:  196.9  3.200  69.90  10.60  20.80  15.50  26.10  18.20  21.81  0.0000
16-MAY-1966 00 /  785:   44.1  3.100  61.30  11.10  21.10  15.60  26.70  19.70  11.94  0.0000
16-JUN-1966 00 /  786:   50.3  3.200  56.00  11.50  20.50  14.80  26.30  18.60   9.14  0.0000
16-JUL-1966 00 /  787:   97.6  2.800  70.00  10.60  19.80  14.50  25.10  18.40  12.35  0.0000
16-AUG-1966 00 /  788:  131.2  2.800  71.00  10.70  19.70  14.40  25.10  18.30  13.06  0.0000
16-SEP-1966 00 /  789:  185.5  3.100  68.20  11.00  20.10  14.60  25.60  18.30  16.88  0.0000
16-OCT-1966 00 /  790:  158.6  3.200  63.50  11.50  20.30  14.60  26.10  18.80  17.31  0.0000
16-NOV-1966 00 /  791:  112.0  3.200  60.30  11.70  20.40  14.60  26.30  18.30  15.27  0.0000
16-DEC-1966 00 /  792:   16.0  3.600  47.50  13.10  20.70  14.20  27.30  17.10   6.15  0.0000
16-JAN-1967 00 /  793:    8.4  3.800  54.70  13.90  21.10  14.20  28.10  16.10   4.42  0.0000
15-FEB-1967 00 /  794:    9.5  4.000  54.80  13.90  21.70  14.80  28.70  16.10   5.02  0.0000
16-MAR-1967 00 /  795:   40.0  3.800  60.00  13.00  21.50  15.00  28.00  17.40  10.38  0.0000
16-APR-1967 00 /  796:  136.3  3.500  58.70  11.40  21.50  15.80  27.20  18.80  18.46  0.0000
16-MAY-1967 00 /  797:   89.4  3.100  64.00  10.60  20.70  15.40  26.00  19.00  16.53  0.0000
16-JUN-1967 00 /  798:   96.8  3.000  61.90  10.90  19.80  14.40  25.30  17.90  12.73  0.0000
16-JUL-1967 00 /  799:   81.1  2.700  71.10  10.10  19.40  14.40  24.50  17.90  11.24  0.0000
16-AUG-1967 00 /  800:   93.5  2.800  71.40  10.60  19.20  13.90  24.50  17.90  11.19  0.0000
16-SEP-1967 00 /  801:  119.1  2.900  71.10  10.60  19.60  14.30  24.90  18.10  14.00  0.0000
16-OCT-1967 00 /  802:  235.2  2.900  70.90  10.50  20.00  14.80  25.30  18.70  20.71  0.0000
16-NOV-1967 00 /  803:  193.1  2.900  67.20  10.30  19.70  14.60  24.90  17.80  19.52  0.0000
16-DEC-1967 00 /  804:   22.9  3.500  52.10  12.30  20.60  14.50  26.80  17.30   8.99  0.0000
16-JAN-1968 00 /  805:   10.2  3.800  52.90  13.90  20.50  13.60  27.50  15.30   5.37  0.0000
15-FEB-1968 00 /  806:   74.8  3.800  59.90  13.00  21.00  14.50  27.50  15.60  15.24  0.0000
16-MAR-1968 00 /  807:   86.1  3.700  60.70  12.60  20.70  14.40  27.00  16.40  15.26  0.0000
16-APR-1968 00 /  808:  127.0  3.300  65.10  11.30  20.40  14.80  26.10  17.30  17.80  0.0000
16-MAY-1968 00 /  809:  102.4  3.100  59.10  11.10  20.00  14.50  25.60  17.90  17.74  0.0000
16-JUN-1968 00 /  810:   72.3  3.000  61.40  11.00  19.70  14.20  25.20  17.40  10.94  0.0000
16-JUL-1968 00 /  811:   68.9  2.800  68.00  11.00  19.30  13.80  24.80  17.80  10.33  0.0000
16-AUG-1968 00 /  812:  111.8  2.800  69.40  10.70  19.20  13.90  24.60  17.70  11.84  0.0000
16-SEP-1968 00 /  813:  123.4  3.200  62.70  12.00  20.00  14.00  26.00  18.30  14.01  0.0000
16-OCT-1968 00 /  814:  176.7  3.200  63.50  11.50  20.00  14.30  25.80  18.30  18.24  0.0000
16-NOV-1968 00 /  815:  106.3  3.200  59.10  11.80  20.60  14.70  26.50  18.60  14.97  0.0000
16-DEC-1968 00 /  816:  115.3  3.300  58.50  11.80  20.50  14.60  26.40  17.40  21.19  0.0000
16-JAN-1969 00 /  817:   89.1  3.400  67.80  12.10  21.00  15.00  27.10  16.90  17.14  0.0000
15-FEB-1969 00 /  818:   83.2  3.700  64.90  12.40  21.30  15.10  27.50  16.20  16.61  0.0000
16-MAR-1969 00 /  819:  102.8  3.500  69.30  12.00  21.20  15.20  27.20  17.40  16.49  0.0000
16-APR-1969 00 /  820:   88.2  3.500  58.80  11.90  21.80  15.90  27.80  19.50  15.06  0.0000
16-MAY-1969 00 /  821:  137.0  3.100  62.40  10.80  21.00  15.60  26.40  19.20  20.14  0.0000
16-JUN-1969 00 /  822:   43.1  3.000  59.50  11.30  20.40  14.80  26.10  18.90   7.50  0.0000
16-JUL-1969 00 /  823:   74.0  2.900  62.30  11.40  19.70  14.00  25.40  18.40  10.71  0.0000
16-AUG-1969 00 /  824:   90.7  3.000  63.80  11.70  19.70  13.90  25.60  18.40  10.98  0.0000
16-SEP-1969 00 /  825:  130.7  3.100  66.40  11.50  20.30  14.60  26.10  18.70  14.56  0.0000
16-OCT-1969 00 /  826:  170.8  3.200  63.40  11.70  20.70  14.90  26.60  19.00  17.84  0.0000
16-NOV-1969 00 /  827:  135.1  3.300  59.00  11.80  20.70  14.80  26.60  18.50  16.49  0.0000
16-DEC-1969 00 /  828:   47.6  3.500  50.20  12.90  21.00  14.60  27.50  17.70  13.72  0.0000
16-JAN-1970 00 /  829:   52.8  3.600  62.10  12.40  21.30  15.10  27.50  16.70  13.79  0.0000
15-FEB-1970 00 /  830:   30.9  3.900  59.90  13.00  22.30  15.80  28.80  17.40  10.60  0.0000
16-MAR-1970 00 /  831:  133.7  3.400  72.80  11.50  21.70  16.00  27.50  18.40  18.53  0.0000
16-APR-1970 00 /  832:  161.9  3.200  67.50  11.00  21.40  15.90  26.90  19.50  19.94  0.0000
16-MAY-1970 00 /  833:  139.1  3.100  63.50  10.70  20.80  15.50  26.20  19.30  20.16  0.0000
16-JUN-1970 00 /  834:   84.9  3.100  57.80  11.50  20.50  14.80  26.30  18.60  11.88  0.0000
16-JUL-1970 00 /  835:  106.6  2.800  69.20  10.70  19.80  14.50  25.20  18.70  12.74  0.0000
16-AUG-1970 00 /  836:  168.4  2.600  75.60   9.80  19.70  14.80  24.60  19.20  14.57  0.0000
16-SEP-1970 00 /  837:  130.9  3.000  69.20  11.00  20.20  14.70  25.70  19.20  13.81  0.0000
16-OCT-1970 00 /  838:  136.6  3.000  67.00  11.20  20.50  14.90  26.10  19.80  16.33  0.0000
16-NOV-1970 00 /  839:   50.9  3.500  54.20  12.50  20.80  14.60  27.10  18.20  10.28  0.0000
16-DEC-1970 00 /  840:   14.9  3.500  49.40  12.90  20.10  13.70  26.60  16.60   7.96  0.0000
16-JAN-1971 00 /  841:   17.6  3.800  53.90  14.00  21.10  14.10  28.10  16.10   7.70  0.0000
15-FEB-1971 00 /  842:   15.1  4.100  51.20  14.40  21.20  14.00  28.40  15.60   6.17  0.0000
16-MAR-1971 00 /  843:   73.8  4.000  54.30  14.10  21.80  14.80  28.90  17.40  13.80  0.0000
16-APR-1971 00 /  844:  133.2  3.500  58.80  11.50  21.10  15.40  26.90  18.40  18.14  0.0000
16-MAY-1971 00 /  845:  107.6  3.200  58.60  11.10  20.70  15.20  26.30  18.90  18.09  0.0000
16-JUN-1971 00 /  846:   72.9  3.200  52.40  12.10  19.90  13.90  26.00  18.00  11.08  0.0000
16-JUL-1971 00 /  847:  126.3  2.900  64.80  11.30  19.40  13.80  25.10  17.60  13.66  0.0000
16-AUG-1971 00 /  848:  158.0  2.800  72.40  10.60  19.70  14.40  25.00  18.30  13.98  0.0000
16-SEP-1971 00 /  849:  154.1  3.100  67.90  11.40  19.80  14.10  25.50  18.20  15.69  0.0000
16-OCT-1971 00 /  850:  134.1  3.100  65.60  11.40  20.10  14.40  25.80  18.50  15.81  0.0000
16-NOV-1971 00 /  851:  112.6  3.200  62.70  11.30  20.70  15.10  26.40  18.60  15.29  0.0000
16-DEC-1971 00 /  852:    4.3  3.500  50.70  12.80  19.90  13.50  26.30  16.20   4.10  0.0000
16-JAN-1972 00 /  853:   41.5  3.600  62.10  12.90  21.20  14.80  27.70  16.70  10.91  0.0000
15-FEB-1972 00 /  854:   55.7  3.600  64.00  12.30  20.80  14.70  27.00  15.80  13.70  0.0000
16-MAR-1972 00 /  855:   72.2  3.700  63.00  12.80  21.70  15.30  28.10  17.60  14.00  0.0000
16-APR-1972 00 /  856:  160.9  3.300  64.80  11.30  21.40  15.80  27.10  19.20  19.98  0.0000
16-MAY-1972 00 /  857:  137.1  3.100  63.80  10.70  21.00  15.70  26.40  19.30  19.97  0.0000
16-JUN-1972 00 /  858:   92.1  2.800  69.70  10.20  20.30  15.20  25.40  18.50  12.43  0.0000
16-JUL-1972 00 /  859:   67.6  2.800  69.90  10.40  20.20  15.00  25.40  18.90  10.34  0.0000
16-AUG-1972 00 /  860:  164.3  2.800  72.40  10.30  20.00  14.90  25.20  18.70  14.43  0.0000
16-SEP-1972 00 /  861:  163.0  3.200  64.80  11.60  20.40  14.60  26.20  18.90  15.96  0.0000
16-OCT-1972 00 /  862:  187.3  3.100  66.60  11.10  20.50  15.00  26.10  19.00  18.75  0.0000
16-NOV-1972 00 /  863:  198.4  3.100  65.20  10.80  20.30  14.90  25.70  18.30  19.81  0.0000
16-DEC-1972 00 /  864:   41.0  3.400  54.20  12.20  20.80  14.70  26.90  17.60  12.08  0.0000
16-JAN-1973 00 /  865:   24.5  3.700  59.50  13.00  21.70  15.20  28.20  17.10   9.52  0.0000
15-FEB-1973 00 /  866:   34.9  4.100  55.50  13.80  22.60  15.70  29.50  17.10  10.97  0.0000
16-MAR-1973 00 /  867:   37.5  3.800  59.20  13.00  22.30  15.80  28.80  18.60   9.81  0.0000
16-APR-1973 00 /  868:  121.6  3.400  62.50  11.30  21.60  16.00  27.30  19.30  17.26  0.0000
16-MAY-1973 00 /  869:  117.1  3.100  63.20  10.60  20.80  15.50  26.10  19.40  18.76  0.0000
16-JUN-1973 00 /  870:   30.1  3.000  62.10  11.20  20.50  14.90  26.10  18.50   6.87  0.0000
16-JUL-1973 00 /  871:   46.9  2.800  67.40  11.10  19.60  14.10  25.20  18.00   8.78  0.0000
16-AUG-1973 00 /  872:  133.3  2.800  72.40  10.50  19.80  14.60  25.10  18.50  13.20  0.0000
16-SEP-1973 00 /  873:  226.2  3.000  69.80  10.90  19.90  14.50  25.40  18.30  18.51  0.0000
16-OCT-1973 00 /  874:  196.8  3.300  60.60  11.90  20.80  14.90  26.80  18.90  19.14  0.0000
16-NOV-1973 00 /  875:  186.8  3.300  58.60  11.60  20.60  14.80  26.40  18.10  19.37  0.0000
16-DEC-1973 00 /  876:   17.5  3.600  45.60  13.10  20.60  14.10  27.20  16.80   7.70  0.0000
16-JAN-1974 00 /  877:   31.9  3.700  55.10  13.80  21.10  14.20  28.00  16.40  10.77  0.0000
15-FEB-1974 00 /  878:   36.2  3.900  57.00  13.40  21.90  15.20  28.60  16.70   9.31  0.0000
16-MAR-1974 00 /  879:  150.4  3.600  65.70  12.30  21.50  15.40  27.70  17.70  19.59  0.0000
16-APR-1974 00 /  880:   95.2  3.200  68.40  10.60  21.00  15.70  26.30  18.80  15.60  0.0000
16-MAY-1974 00 /  881:  146.9  2.900  67.30  10.30  20.10  15.00  25.30  18.50  20.66  0.0000
16-JUN-1974 00 /  882:  134.5  2.900  64.80  10.80  20.20  14.80  25.60  18.30  14.55  0.0000
16-JUL-1974 00 /  883:  119.7  2.700  74.90   9.70  19.40  14.60  24.30  17.60  13.38  0.0000
16-AUG-1974 00 /  884:  169.7  2.900  70.00  11.10  19.60  14.10  25.20  18.20  14.53  0.0000
16-SEP-1974 00 /  885:  168.0  3.100  65.60  11.50  19.40  13.70  25.20  18.00  15.73  0.0000
16-OCT-1974 00 /  886:  140.9  3.300  59.90  12.20  20.50  14.40  26.60  18.60  16.34  0.0000
16-NOV-1974 00 /  887:  105.8  3.400  55.10  12.50  20.60  14.40  26.90  17.70  14.98  0.0000
16-DEC-1974 00 /  888:   19.0  3.500  50.30  12.90  20.50  14.10  27.00  16.70   9.18  0.0000
16-JAN-1975 00 /  889:   26.7  3.800  54.50  13.70  21.20  14.40  28.10  16.30   9.50  0.0000
15-FEB-1975 00 /  890:   61.7  3.900  59.00  13.30  22.00  15.40  28.70  17.00  14.29  0.0000
16-MAR-1975 00 /  891:  121.9  3.700  64.20  12.40  21.70  15.50  27.90  17.90  17.86  0.0000
16-APR-1975 00 /  892:  174.9  3.400  64.30  11.30  21.50  15.90  27.20  19.20  20.13  0.0000
16-MAY-1975 00 /  893:  159.5  3.100  61.10  10.90  20.70  15.30  26.20  19.00  21.09  0.0000
16-JUN-1975 00 /  894:   92.4  2.800  69.70  10.20  19.90  14.80  25.00  18.20  12.39  0.0000
16-JUL-1975 00 /  895:  129.2  2.700  71.00  10.10  19.50  14.50  24.60  17.80  14.05  0.0000
16-AUG-1975 00 /  896:  202.5  2.600  76.10   9.70  19.20  14.40  24.10  18.10  15.88  0.0000
16-SEP-1975 00 /  897:  213.0  2.900  72.80  10.40  19.40  14.20  24.60  17.60  18.23  0.0000
16-OCT-1975 00 /  898:  145.7  3.000  68.80  10.70  20.00  14.70  25.40  18.10  16.68  0.0000
16-NOV-1975 00 /  899:   82.9  3.400  56.60  12.50  20.80  14.60  27.10  17.90  13.41  0.0000
16-DEC-1975 00 /  900:   25.4  3.400  54.20  12.50  20.40  14.20  26.70  16.70   9.95  0.0000
16-JAN-1976 00 /  901:   11.8  3.900  51.80  14.00  21.50  14.50  28.50  16.40   6.51  0.0000
15-FEB-1976 00 /  902:   67.3  3.800  59.90  13.00  21.50  15.00  28.00  16.20  14.65  0.0000
16-MAR-1976 00 /  903:   69.9  3.600  65.90  12.30  21.50  15.40  27.70  17.50  13.91  0.0000
16-APR-1976 00 /  904:  190.2  3.300  66.40  11.00  21.20  15.70  26.70  18.60  21.19  0.0000
16-MAY-1976 00 /  905:  142.9  3.000  68.00  10.10  20.80  15.80  25.90  19.20  20.72  0.0000
16-JUN-1976 00 /  906:   74.3  3.000  62.80  11.00  20.40  14.90  25.90  18.10  11.09  0.0000
16-JUL-1976 00 /  907:  163.3  2.700  71.80  10.10  19.70  14.70  24.80  17.90  15.52  0.0000
16-AUG-1976 00 /  908:  155.2  2.800  71.40  10.50  19.80  14.60  25.10  18.30  13.70  0.0000
16-SEP-1976 00 /  909:  130.7  3.200  65.20  11.40  20.30  14.60  26.00  18.50  14.53  0.0000
16-OCT-1976 00 /  910:  114.8  3.400  59.10  12.00  20.90  14.90  26.90  18.90  15.01  0.0000
16-NOV-1976 00 /  911:  148.3  3.200  64.80  11.10  20.90  15.40  26.50  18.70  17.52  0.0000
16-DEC-1976 00 /  912:   42.6  3.500  54.90  12.50  21.40  15.20  27.70  17.80  13.14  0.0000
16-JAN-1977 00 /  913:   62.6  3.500  64.80  12.20  21.40  15.30  27.50  16.90  15.10  0.0000
15-FEB-1977 00 /  914:   27.8  3.900  58.40  13.20  21.90  15.30  28.50  16.30   9.20  0.0000
16-MAR-1977 00 /  915:  125.8  3.700  66.10  12.40  21.90  15.70  28.10  17.90  18.16  0.0000
16-APR-1977 00 /  916:  198.9  3.100  73.70  10.40  21.40  16.20  26.60  19.10  21.68  0.0000
16-MAY-1977 00 /  917:  125.0  3.100  62.40  10.70  20.90  15.60  26.30  19.10  19.23  0.0000
16-JUN-1977 00 /  918:  111.1  3.000  62.10  11.00  20.40  14.90  25.90  18.50  13.46  0.0000
16-JUL-1977 00 /  919:  127.4  2.700  70.00  10.40  19.80  14.60  25.00  18.50  13.80  0.0000
16-AUG-1977 00 /  920:  150.0  2.800  72.90  10.40  20.10  14.90  25.30  19.00  13.87  0.0000
16-SEP-1977 00 /  921:  128.4  3.200  65.40  11.40  20.50  14.80  26.20  19.00  14.50  0.0000
16-OCT-1977 00 /  922:  256.1  3.200  67.60  11.50  20.70  15.00  26.50  18.90  21.27  0.0000
16-NOV-1977 00 /  923:  205.0  3.100  64.70  10.90  20.20  14.80  25.70  18.00  19.98  0.0000
16-DEC-1977 00 /  924:   29.7  3.200  61.60  11.90  20.90  15.00  26.90  18.10  11.22  0.0000
16-JAN-1978 00 /  925:   15.2  3.700  60.10  13.50  21.50  14.80  28.30  16.80   7.53  0.0000
15-FEB-1978 00 /  926:   46.0  3.900  58.80  13.40  22.20  15.50  28.90  17.20  12.43  0.0000
16-MAR-1978 00 /  927:   95.6  3.400  70.90  11.90  21.00  15.10  27.00  17.00  15.92  0.0000
16-APR-1978 00 /  928:  161.6  3.300  67.90  10.90  21.60  16.20  27.10  18.50  19.79  0.0000
16-MAY-1978 00 /  929:   71.3  3.000  63.70  10.70  21.10  15.80  26.50  20.20  14.86  0.0000
16-JUN-1978 00 /  930:   88.7  2.900  64.70  11.10  20.50  15.00  26.10  18.90  11.91  0.0000
16-JUL-1978 00 /  931:  111.6  2.800  69.60  10.80  19.80  14.40  25.20  18.50  12.92  0.0000
16-AUG-1978 00 /  932:  200.0  2.800  73.40  10.40  20.00  14.80  25.20  18.90  15.71  0.0000
16-SEP-1978 00 /  933:  207.3  3.000  72.20  10.80  20.10  14.70  25.50  18.40  17.71  0.0000
16-OCT-1978 00 /  934:  246.1  3.100  66.50  11.00  20.70  15.20  26.20  19.00  21.26  0.0000
16-NOV-1978 00 /  935:  134.4  3.200  62.80  11.30  20.80  15.20  26.50  18.50  16.56  0.0000
16-DEC-1978 00 /  936:   34.2  3.400  57.20  11.80  20.80  14.90  26.70  17.30  11.56  0.0000
16-JAN-1979 00 /  937:  106.4  3.600  62.50  12.90  21.90  15.50  28.40  17.50  18.71  0.0000
15-FEB-1979 00 /  938:   98.2  3.700  62.90  12.60  21.40  15.10  27.70  16.30  17.80  0.0000
16-MAR-1979 00 /  939:   50.1  3.700  61.80  13.00  21.30  14.80  27.80  17.10  11.79  0.0000
16-APR-1979 00 /  940:  122.0  3.400  62.20  11.50  21.60  15.90  27.40  19.10  17.37  0.0000
16-MAY-1979 00 /  941:  116.7  3.100  63.00  10.50  20.70  15.50  26.00  18.90  18.87  0.0000
16-JUN-1979 00 /  942:   83.9  2.900  63.80  10.80  19.90  14.50  25.30  18.00  11.78  0.0000
16-JUL-1979 00 /  943:   49.7  2.900  67.40  10.80  19.80  14.40  25.20  18.00   8.95  0.0000
16-AUG-1979 00 /  944:  132.3  2.900  71.50  10.60  20.30  15.00  25.60  18.60  13.06  0.0000
16-SEP-1979 00 /  945:  143.7  3.300  62.20  12.00  20.30  14.30  26.30  18.30  15.10  0.0000
16-OCT-1979 00 /  946:  110.7  3.300  61.30  11.80  20.70  14.80  26.60  19.00  14.79  0.0000
16-NOV-1979 00 /  947:   74.3  3.200  62.10  11.50  21.00  15.30  26.80  18.70  12.46  0.0000
16-DEC-1979 00 /  948:   40.6  3.400  55.70  11.90  20.90  15.00  26.90  17.40  13.02  0.0000
16-JAN-1980 00 /  949:   13.7  3.700  57.80  13.10  21.70  15.20  28.30  16.90   6.37  0.0000
15-FEB-1980 00 /  950:   33.6  4.000  57.90  13.10  22.40  15.90  29.00  17.30   9.85  0.0000
16-MAR-1980 00 /  951:   64.5  3.600  65.00  12.20  22.00  15.90  28.10  19.10  13.18  0.0000
16-APR-1980 00 /  952:  123.3  3.200  69.00  10.80  22.00  16.60  27.40  20.10  17.49  0.0000
16-MAY-1980 00 /  953:  151.1  2.800  72.90   9.60  20.70  15.90  25.50  19.40  21.12  0.0000
16-JUN-1980 00 /  954:   94.5  2.800  69.70  10.30  20.40  15.30  25.60  19.10  12.46  0.0000
16-JUL-1980 00 /  955:   64.9  2.700  70.20  10.10  19.90  14.90  25.00  18.70  10.15  0.0000
16-AUG-1980 00 /  956:  109.0  2.800  72.50  10.30  19.90  14.80  25.10  18.70  12.01  0.0000
16-SEP-1980 00 /  957:  111.6  3.100  68.50  11.00  20.50  15.00  26.00  18.90  13.35  0.0000
16-OCT-1980 00 /  958:  142.8  3.300  61.30  11.80  20.90  15.00  26.80  19.10  16.06  0.0000
16-NOV-1980 00 /  959:  188.6  3.100  64.80  11.10  20.70  15.20  26.30  18.90  19.58  0.0000
16-DEC-1980 00 /  960:   23.9  3.400  53.80  12.30  20.40  14.30  26.60  16.80  10.07  0.0000
16-JAN-1981 00 /  961:   23.8  3.800  57.70  13.30  21.80  15.20  28.50  16.80   9.02  0.0000
15-FEB-1981 00 /  962:   18.3  4.000  55.90  13.60  22.00  15.20  28.80  16.20   6.95  0.0000
16-MAR-1981 00 /  963:  149.5  3.300  75.40  11.30  21.70  16.10  27.40  18.10  19.47  0.0000
16-APR-1981 00 /  964:   81.8  3.300  65.00  11.00  21.70  16.20  27.20  19.50  14.39  0.0000
16-MAY-1981 00 /  965:  110.5  3.000  65.40  10.40  21.10  15.90  26.30  19.90  18.38  0.0000
16-JUN-1981 00 /  966:   56.7  3.100  59.90  11.30  20.70  15.10  26.40  18.90   9.57  0.0000
16-JUL-1981 00 /  967:  121.5  2.700  72.20   9.90  19.80  14.90  24.80  18.70  13.55  0.0000
16-AUG-1981 00 /  968:  154.0  2.800  72.70  10.30  20.30  15.20  25.50  19.10  13.99  0.0000
16-SEP-1981 00 /  969:  194.0  3.000  69.70  10.90  20.50  15.10  26.00  19.30  17.39  0.0000
16-OCT-1981 00 /  970:  147.2  3.300  60.90  11.90  21.10  15.20  27.10  19.40  16.48  0.0000
16-NOV-1981 00 /  971:  117.7  3.400  57.20  12.00  21.20  15.20  27.20  18.70  15.67  0.0000
16-DEC-1981 00 /  972:   41.6  3.700  48.70  12.90  21.40  15.00  27.90  17.60  12.13  0.0000
16-JAN-1982 00 /  973:   72.7  3.600  64.60  12.50  22.20  16.00  28.50  17.80  15.60  0.0000
15-FEB-1982 00 /  974:   53.4  4.000  57.20  13.50  21.80  15.10  28.60  16.00  13.07  0.0000
16-MAR-1982 00 /  975:   87.8  3.800  62.20  12.90  22.50  16.10  29.00  18.60  15.13  0.0000
16-APR-1982 00 /  976:  176.9  3.300  67.10  10.80  21.80  16.40  27.20  19.50  20.69  0.0000
16-MAY-1982 00 /  977:  140.4  3.000  67.50  10.10  21.10  16.10  26.20  19.60  20.28  0.0000
16-JUN-1982 00 /  978:   80.5  2.900  66.60  10.50  20.90  15.70  26.20  19.30  11.15  0.0000
16-JUL-1982 00 /  979:  129.5  2.800  69.60  10.40  20.30  15.10  25.50  18.90  13.84  0.0000
16-AUG-1982 00 /  980:  108.6  2.800  72.00  10.30  20.20  15.10  25.40  19.20  11.91  0.0000
16-SEP-1982 00 /  981:  126.3  3.200  66.10  11.50  20.80  15.10  26.60  19.30  14.16  0.0000
16-OCT-1982 00 /  982:  273.8  3.000  70.40  10.50  20.60  15.40  25.90  19.30  22.17  0.0000
16-NOV-1982 00 /  983:  196.5  3.100  65.40  10.50  20.50  15.30  25.80  18.50  19.71  0.0000
16-DEC-1982 00 /  984:   50.9  3.400  55.20  12.20  20.80  14.70  26.90  17.50  14.66  0.0000
16-JAN-1983 00 /  985:    5.4  3.600  62.30  13.30  20.80  14.20  27.50  15.90   1.98  0.0000
15-FEB-1983 00 /  986:    6.1  4.000  56.70  14.00  22.40  15.40  29.40  17.40   3.93  0.0000
16-MAR-1983 00 /  987:   39.4  3.800  63.90  12.90  22.70  16.30  29.20  19.20  10.30  0.0000
16-APR-1983 00 /  988:  144.3  3.200  70.30  11.00  22.40  16.90  27.90  21.00  18.43  0.0000
16-MAY-1983 00 /  989:   89.5  3.000  65.60  10.60  21.90  16.60  27.20  21.30  16.54  0.0000
16-JUN-1983 00 /  990:  116.5  2.900  67.80  10.40  21.30  16.10  26.50  20.00  13.89  0.0000
16-JUL-1983 00 /  991:   99.6  2.700  71.20  10.30  20.60  15.50  25.80  19.90  12.38  0.0000
16-AUG-1983 00 /  992:  135.0  2.600  77.80   9.50  20.40  15.70  25.20  19.80  13.15  0.0000
16-SEP-1983 00 /  993:  182.4  2.900  71.20  10.80  20.40  15.00  25.80  19.50  16.90  0.0000
16-OCT-1983 00 /  994:  201.9  2.900  75.20  10.10  20.80  15.80  25.90  19.80  19.37  0.0000
16-NOV-1983 00 /  995:  136.7  3.200  64.50  11.20  21.30  15.70  26.90  19.50  16.32  0.0000
16-DEC-1983 00 /  996:   21.0  3.400  57.50  12.60  20.60  14.30  26.90  17.10   8.37  0.0000
16-JAN-1984 00 /  997:    4.6  3.700  56.20  13.30  20.70  14.10  27.40  15.60   3.94  0.0000
15-FEB-1984 00 /  998:   48.7  4.100  53.90  13.90  22.10  15.20  29.10  16.30  12.43  0.0000
16-MAR-1984 00 /  999:   58.5  3.900  60.80  13.10  22.30  15.80  28.90  18.30  12.71  0.0000
16-APR-1984 00 / 1000:  136.6  3.300  64.00  11.10  21.70  16.20  27.30  19.70  18.10  0.0000
16-MAY-1984 00 / 1001:   71.0  3.200  60.60  10.90  21.50  16.10  27.00  20.30  14.39  0.0000
16-JUN-1984 00 / 1002:   79.2  3.100  60.90  11.30  20.80  15.20  26.50  18.80  11.45  0.0000
16-JUL-1984 00 / 1003:  123.2  2.900  67.00  10.40  20.40  15.20  25.60  18.40  13.69  0.0000
16-AUG-1984 00 / 1004:  163.9  2.900  69.80  10.60  20.30  15.00  25.60  18.80  13.99  0.0000
16-SEP-1984 00 / 1005:  127.3  3.300  63.00  12.00  20.50  14.50  26.50  18.80  13.95  0.0000
16-OCT-1984 00 / 1006:  159.7  3.600  54.70  12.50  21.10  14.90  27.40  18.80  17.29  0.0000
16-NOV-1984 00 / 1007:  216.4  3.300  60.00  11.40  20.80  15.10  26.50  18.50  20.61  0.0000
16-DEC-1984 00 / 1008:   51.1  3.500  51.80  12.50  21.20  15.00  27.50  18.00  14.63  0.0000
16-JAN-1985 00 / 1009:   56.8  3.700  62.40  12.80  22.60  16.20  29.00  18.20  14.22  0.0000
15-FEB-1985 00 / 1010:    7.7  3.800  60.20  13.00  21.10  14.60  27.60  15.60   3.35  0.0000
16-MAR-1985 00 / 1011:  138.9  3.700  65.30  12.40  21.70  15.50  27.90  17.70  18.73  0.0000
16-APR-1985 00 / 1012:  207.0  3.000  74.40  10.30  20.60  15.50  25.80  17.90  22.10  0.0000
16-MAY-1985 00 / 1013:  197.1  3.000  67.30  10.30  20.60  15.50  25.80  18.90  23.82  0.0000
16-JUN-1985 00 / 1014:  115.2  3.000  63.30  10.80  20.40  15.00  25.80  18.50  13.60  0.0000
16-JUL-1985 00 / 1015:  112.1  2.900  67.40  10.70  19.90  14.60  25.30  18.00  13.04  0.0000
16-AUG-1985 00 / 1016:  145.2  2.900  70.40  10.70  20.30  15.00  25.70  18.90  13.38  0.0000
16-SEP-1985 00 / 1017:  150.5  3.000  69.60  10.70  20.30  15.00  25.70  18.80  14.87  0.0000
16-OCT-1985 00 / 1018:  121.9  3.300  63.50  11.10  21.00  15.50  26.60  19.00  15.49  0.0000
16-NOV-1985 00 / 1019:  114.8  3.300  60.10  11.40  21.30  15.60  27.00  18.90  15.58  0.0000
16-DEC-1985 00 / 1020:   41.0  3.400  56.10  12.10  21.10  15.10  27.20  17.50  12.40  0.0000
16-JAN-1986 00 / 1021:   27.0  3.900  53.00  13.80  21.60  14.70  28.50  16.20   8.82  0.0000
15-FEB-1986 00 / 1022:   57.6  3.800  63.50  12.80  22.30  15.90  28.70  17.00  13.19  0.0000
16-MAR-1986 00 / 1023:  108.7  3.600  68.50  12.00  21.60  15.60  27.60  17.60  16.76  0.0000
16-APR-1986 00 / 1024:  174.6  3.200  69.40  10.60  21.50  16.20  26.80  19.20  20.21  0.0000
16-MAY-1986 00 / 1025:  102.5  3.200  62.20  10.60  21.50  16.20  26.80  20.00  17.03  0.0000
16-JUN-1986 00 / 1026:   98.1  2.900  64.50  10.70  20.30  15.00  25.70  18.50  12.68  0.0000
16-JUL-1986 00 / 1027:   91.2  2.800  69.80  10.50  19.90  14.70  25.20  18.70  11.70  0.0000
16-AUG-1986 00 / 1028:  117.6  3.100  65.40  11.40  20.70  15.00  26.40  19.10  12.49  0.0000
16-SEP-1986 00 / 1029:  156.9  3.100  67.80  11.00  20.40  14.90  25.90  19.00  15.49  0.0000
16-OCT-1986 00 / 1030:  136.8  3.300  65.10  11.00  21.20  15.70  26.70  19.20  15.94  0.0000
16-NOV-1986 00 / 1031:  222.2  3.300  60.10  11.30  21.40  15.80  27.10  19.20  20.82  0.0000
16-DEC-1986 00 / 1032:   52.3  3.400  56.10  11.80  20.80  14.90  26.70  17.40  13.86  0.0000
16-JAN-1987 00 / 1033:   23.6  3.800  56.60  13.30  21.70  15.10  28.40  16.50   8.19  0.0000
15-FEB-1987 00 / 1034:   47.7  4.000  57.30  13.30  22.40  15.80  29.10  16.80  12.14  0.0000
16-MAR-1987 00 / 1035:  108.6  3.800  63.10  12.40  22.30  16.10  28.50  18.10  16.58  0.0000
16-APR-1987 00 / 1036:  111.9  3.500  60.20  11.30  22.20  16.60  27.90  19.70  16.61  0.0000
16-MAY-1987 00 / 1037:  120.8  3.100  67.30  10.10  21.30  16.30  26.40  19.40  19.15  0.0000
16-JUN-1987 00 / 1038:  105.0  2.900  68.20  10.30  20.90  15.80  26.10  19.10  12.93  0.0000
16-JUL-1987 00 / 1039:   84.2  3.100  62.30  11.40  21.00  15.30  26.70  19.10  11.24  0.0000
16-AUG-1987 00 / 1040:  162.0  3.200  61.10  11.90  21.10  15.20  27.10  19.60  14.20  0.0000
16-SEP-1987 00 / 1041:  151.7  3.500  57.80  12.50  21.30  15.10  27.60  19.50  15.33  0.0000
16-OCT-1987 00 / 1042:  147.1  3.400  62.50  11.70  21.60  15.80  27.50  20.00  16.82  0.0000
16-NOV-1987 00 / 1043:  141.6  3.400  58.70  11.90  21.50  15.60  27.50  19.30  16.09  0.0000
16-DEC-1987 00 / 1044:   36.0  3.800  41.50  12.80  21.90  15.50  28.30  18.30  12.18  0.0000
16-JAN-1988 00 / 1045:   38.9  3.800  59.20  13.50  22.20  15.50  29.00  17.40  11.59  0.0000
15-FEB-1988 00 / 1046:   54.0  4.100  55.50  14.30  22.80  15.70  30.00  17.70  12.63  0.0000
16-MAR-1988 00 / 1047:   99.6  3.800  61.10  13.20  22.80  16.20  29.40  19.40  16.15  0.0000
16-APR-1988 00 / 1048:  159.2  3.400  62.90  11.60  21.80  16.00  27.60  19.60  19.72  0.0000
16-MAY-1988 00 / 1049:  126.7  3.200  58.20  11.50  21.30  15.60  27.10  19.90  19.13  0.0000
16-JUN-1988 00 / 1050:   88.2  3.200  56.60  11.80  21.10  15.20  27.00  19.40  11.75  0.0000
16-JUL-1988 00 / 1051:  113.4  2.800  69.70  10.50  19.80  14.60  25.10  18.50  12.83  0.0000
16-AUG-1988 00 / 1052:  171.4  2.800  72.50  10.20  20.30  15.20  25.40  19.50  14.36  0.0000
16-SEP-1988 00 / 1053:  214.9  3.000  69.40  11.00  20.30  14.80  25.80  18.90  18.21  0.0000
16-OCT-1988 00 / 1054:  162.2  3.200  65.30  11.50  20.80  15.10  26.60  19.40  17.26  0.0000
16-NOV-1988 00 / 1055:  131.5  3.300  58.90  11.80  20.80  14.90  26.70  18.90  16.10  0.0000
16-DEC-1988 00 / 1056:   38.1  3.600  46.80  13.30  20.50  13.90  27.20  17.10  12.63  0.0000
16-JAN-1989 00 / 1057:    4.1  3.500  56.40  12.60  20.10  13.80  26.40  15.90   3.11  0.0000
15-FEB-1989 00 / 1058:   41.4  3.800  59.90  13.00  20.80  14.30  27.30  15.60  10.92  0.0000
16-MAR-1989 00 / 1059:  122.5  3.600  64.40  12.30  21.40  15.30  27.60  17.60  17.76  0.0000
16-APR-1989 00 / 1060:   87.0  3.300  65.10  11.00  21.10  15.60  26.60  18.80  14.83  0.0000
16-MAY-1989 00 / 1061:  141.4  3.000  63.80  10.50  20.40  15.20  25.70  18.70  20.29  0.0000
16-JUN-1989 00 / 1062:   47.7  3.100  59.20  11.10  20.20  14.70  25.80  18.20   8.83  0.0000
16-JUL-1989 00 / 1063:   59.4  2.800  68.80  10.50  20.00  14.80  25.30  18.70   8.59  0.0000
16-AUG-1989 00 / 1064:  129.2  2.900  70.30  10.10  20.30  15.30  25.40  19.30  13.00  0.0000
16-SEP-1989 00 / 1065:  172.9  3.100  66.80  10.90  20.50  15.10  26.00  19.50  16.48  0.0000
16-OCT-1989 00 / 1066:  179.6  3.200  65.10  11.50  21.00  15.30  26.80  20.00  18.18  0.0000
16-NOV-1989 00 / 1067:  145.5  3.300  59.40  12.20  21.10  15.00  27.20  19.20  17.05  0.0000
16-DEC-1989 00 / 1068:   90.5  3.200  61.40  11.20  20.80  15.20  26.40  17.70  18.71  0.0000
16-JAN-1990 00 / 1069:   29.9  3.700  56.90  12.90  21.10  14.70  27.60  16.60   9.05  0.0000
15-FEB-1990 00 / 1070:   54.6  3.700  65.10  12.00  21.80  15.80  27.80  16.90  13.07  0.0000
16-MAR-1990 00 / 1071:  103.3  3.600  64.30  12.00  21.60  15.60  27.60  17.90  16.43  0.0000
16-APR-1990 00 / 1072:  107.7  3.300  67.60  11.00  22.00  16.50  27.50  19.90  16.14  0.0000
16-MAY-1990 00 / 1073:   76.4  3.200  62.00  11.00  21.80  16.30  27.30  20.40  15.66  0.0000
16-JUN-1990 00 / 1074:   61.1  3.200  58.00  11.80  21.30  15.40  27.20  19.80   9.97  0.0000
16-JUL-1990 00 / 1075:   50.2  2.900  67.40  11.00  20.40  14.90  25.90  19.10   8.76  0.0000
16-AUG-1990 00 / 1076:  146.1  2.900  68.20  10.40  20.40  15.20  25.60  19.50  13.51  0.0000
16-SEP-1990 00 / 1077:  163.1  3.100  65.70  11.10  20.60  15.10  26.20  19.70  15.64  0.0000
16-OCT-1990 00 / 1078:  195.3  3.200  63.50  11.10  21.00  15.50  26.60  19.50  19.09  0.0000
16-NOV-1990 00 / 1079:  116.7  3.400  56.90  11.60  21.30  15.50  27.10  19.20  15.40  0.0000
16-DEC-1990 00 / 1080:   91.4  3.400  55.20  11.70  21.40  15.60  27.30  18.30  19.24  0.0000
16-JAN-1991 00 / 1081:   27.9  3.600  59.70  13.60  21.00  14.20  27.80  17.00   9.39  0.0000
15-FEB-1991 00 / 1082:   33.3  4.000  55.50  13.80  22.20  15.30  29.10  16.80   8.35  0.0000
16-MAR-1991 00 / 1083:   87.4  3.700  64.50  12.80  22.00  15.60  28.40  18.30  14.57  0.0000
16-APR-1991 00 / 1084:  148.0  3.400  61.90  11.60  21.60  15.80  27.40  19.60  18.53  0.0000
16-MAY-1991 00 / 1085:  119.6  3.000  65.80  11.00  21.00  15.50  26.50  20.00  19.04  0.0000
16-JUN-1991 00 / 1086:  112.0  3.000  62.80  11.50  20.80  15.10  26.60  19.30  13.40  0.0000
16-JUL-1991 00 / 1087:  116.4  2.700  70.20  11.40  19.90  14.20  25.60  19.10  13.35  0.0000
16-AUG-1991 00 / 1088:  139.3  2.800  69.10  11.30  19.80  14.20  25.50  19.30  13.16  0.0000
16-SEP-1991 00 / 1089:  109.4  3.100  65.20  12.10  20.20  14.20  26.30  19.30  13.30  0.0000
16-OCT-1991 00 / 1090:  212.0  3.100  66.80  11.70  20.80  15.00  26.70  19.50  19.68  0.0000
16-NOV-1991 00 / 1091:  117.4  3.200  60.30  12.40  20.60  14.40  26.80  18.90  15.49  0.0000
16-DEC-1991 00 / 1092:   24.5  3.500  48.00  13.00  20.40  13.90  26.90  17.70  10.58  0.0000
16-JAN-1992 00 / 1093:   17.0  3.900  53.60  14.10  21.60  14.60  28.70  16.50   7.07  0.0000
15-FEB-1992 00 / 1094:   23.0  4.000  59.60  13.60  22.10  15.30  28.90  16.30   7.23  0.0000
16-MAR-1992 00 / 1095:   66.8  3.900  58.80  12.40  22.00  15.80  28.20  17.80  13.35  0.0000
16-APR-1992 00 / 1096:  156.1  3.400  65.20  10.10  21.80  16.80  26.90  19.20  19.13  0.0000
16-MAY-1992 00 / 1097:  126.5  3.100  62.90  10.30  21.10  16.00  26.30  19.40  19.26  0.0000
16-JUN-1992 00 / 1098:  124.8  2.800  70.60   9.80  20.70  15.80  25.60  18.70  14.01  0.0000
16-JUL-1992 00 / 1099:   94.0  2.800  69.20   9.50  19.90  15.20  24.70  18.50  11.71  0.0000
16-AUG-1992 00 / 1100:  137.3  2.700  75.90  10.50  19.90  14.70  25.20  18.80  13.43  0.0000
16-SEP-1992 00 / 1101:  113.3  3.000  69.50  10.30  20.30  15.20  25.50  18.70  13.59  0.0000
16-OCT-1992 00 / 1102:  219.4  3.000  71.80  11.30  20.80  15.20  26.50  19.10  19.70  0.0000
16-NOV-1992 00 / 1103:  122.7  3.300  56.40  11.40  20.60  14.90  26.30  18.60  15.96  0.0000
16-DEC-1992 00 / 1104:   77.9  3.500  49.50  12.30  20.80  14.70  27.00  17.30  17.72  0.0000
16-JAN-1993 00 / 1105:   35.9  3.700  54.20  13.20  20.90  14.30  27.50  16.50  11.31  0.0000
15-FEB-1993 00 / 1106:   67.0  3.900  56.00  13.20  21.50  14.90  28.10  16.40  14.79  0.0000
16-MAR-1993 00 / 1107:   85.0  3.800  57.30  12.40  21.40  15.20  27.60  17.70  15.06  0.0000
16-APR-1993 00 / 1108:  126.7  3.500  58.20  11.00  21.50  16.00  27.00  19.30  17.57  0.0000
16-MAY-1993 00 / 1109:  184.1  3.100  62.70  10.60  20.80  15.50  26.10  19.00  22.98  0.0000
16-JUN-1993 00 / 1110:  121.0  3.200  60.70  11.00  21.40  15.90  26.90  19.10  14.01  0.0000
16-JUL-1993 00 / 1111:   55.0  2.900  66.20  10.60  20.60  15.30  25.90  18.90   7.84  0.0000
16-AUG-1993 00 / 1112:  161.9  3.100  67.40  10.50  21.30  16.10  26.60  19.60  14.41  0.0000
16-SEP-1993 00 / 1113:  132.6  3.100  64.90  11.20  20.30  14.70  25.90  19.60  14.59  0.0000
16-OCT-1993 00 / 1114:  142.5  3.300  60.50  11.30  20.30  14.70  26.00  18.50  16.59  0.0000
16-NOV-1993 00 / 1115:  121.9  3.800  54.70  11.40  23.60  17.90  29.30  19.80  15.84  0.0000
16-DEC-1993 00 / 1116:   59.3  3.500  50.40  12.30  20.90  14.80  27.10  18.20  15.66  0.0000
16-JAN-1994 00 / 1117:   36.5  3.600  53.30  13.20  20.80  14.20  27.40  17.30  11.58  0.0000
15-FEB-1994 00 / 1118:   17.9  3.900  53.00  13.20  21.60  15.00  28.20  17.20   5.81  0.0000
16-MAR-1994 00 / 1119:   86.9  3.400  65.70  12.40  21.20  15.00  27.40  19.20  15.33  0.0000
16-APR-1994 00 / 1120:  194.1  3.200  62.80  11.00  21.30  15.80  26.80  20.50  21.56  0.0000
16-MAY-1994 00 / 1121:  186.1  3.100  64.50  10.60  21.40  16.10  26.70  19.40  21.97  0.0000
16-JUN-1994 00 / 1122:  104.5  3.000  62.80  11.00  20.60  15.10  26.10  18.70  13.07  0.0000
16-JUL-1994 00 / 1123:   98.5  2.700  70.00  10.60  19.60  14.30  24.90  18.30  11.95  0.0000
16-AUG-1994 00 / 1124:  202.5  2.900  72.00  10.50  20.30  15.10  25.60  18.70  15.94  0.0000
16-SEP-1994 00 / 1125:  108.7  3.300  63.00  11.20  20.50  14.90  26.10  18.60  12.57  0.0000
16-OCT-1994 00 / 1126:  182.7  3.400  59.80  11.30  20.90  15.30  26.60  18.80  18.63  0.0000
16-NOV-1994 00 / 1127:  218.8  3.200  64.30  11.30  20.70  15.10  26.40  18.30  20.77  0.0000
16-DEC-1994 00 / 1128:   39.0  3.500  52.70  12.60  20.80  14.50  27.10  17.10  11.75  0.0000
16-JAN-1995 00 / 1129:   11.8  3.800  52.50  13.60  21.20  14.40  28.00  16.40   5.56  0.0000
15-FEB-1995 00 / 1130:   27.6  4.000  55.30  13.50  21.90  15.20  28.70  16.30   8.00  0.0000
16-MAR-1995 00 / 1131:   89.4  3.700  64.70  13.10  21.90  15.40  28.50  17.90  14.83  0.0000
16-APR-1995 00 / 1132:  170.3  3.500  60.80  11.70  22.30  16.50  28.20  20.20  20.41  0.0000
16-MAY-1995 00 / 1133:  141.1  3.000  62.60  10.40  21.20  16.00  26.40  20.50  19.75  0.0000
16-JUN-1995 00 / 1134:  105.1  2.900  68.70  10.90  21.10  15.70  26.60  19.80  12.76  0.0000
16-JUL-1995 00 / 1135:   97.0  2.600  72.80  10.30  20.00  14.90  25.20  19.50  12.00  0.0000
16-AUG-1995 00 / 1136:  110.0  3.000  69.80  10.40  21.30  16.10  26.50  19.60  11.93  0.0000
16-SEP-1995 00 / 1137:  154.4  3.100  71.00  11.30  20.80  15.20  26.50  19.40  15.68  0.0000
16-OCT-1995 00 / 1138:  156.3  3.200  66.20  11.80  21.00  15.10  26.90  19.80  17.01  0.0000
16-NOV-1995 00 / 1139:  146.5  3.400  62.10  12.30  22.10  16.00  28.30  19.60  16.89  0.0000
16-DEC-1995 00 / 1140:   44.6  3.500  52.30  12.30  21.20  15.10  27.40  18.00  13.65  0.0000
16-JAN-1996 00 / 1141:   76.2  3.700  58.80  13.20  21.90  15.30  28.50  17.00  17.05  0.0000
15-FEB-1996 00 / 1142:   48.5  3.900  58.80  14.00  22.00  15.00  29.00  16.90  13.09  0.0000
16-MAR-1996 00 / 1143:  112.2  3.700  62.80  13.00  21.70  15.20  28.20  18.40  17.01  0.0000
16-APR-1996 00 / 1144:  106.7  3.200  67.30  11.00  21.40  15.90  26.90  19.80  15.59  0.0000
16-MAY-1996 00 / 1145:  114.4  3.100  60.50  10.60  21.10  15.80  26.40  20.40  18.25  0.0000
16-JUN-1996 00 / 1146:  110.5  2.900  65.40  11.80  20.70  14.80  26.60  19.50  12.78  0.0000
16-JUL-1996 00 / 1147:   75.3  2.700  76.10  10.40  20.30  15.10  25.50  18.70  10.72  0.0000
16-AUG-1996 00 / 1148:  145.4  2.900  68.80  11.60  20.10  14.30  25.90  19.10  12.77  0.0000
16-SEP-1996 00 / 1149:  152.6  3.100  69.60  11.90  20.30  14.40  26.30  19.00  15.59  0.0000
16-OCT-1996 00 / 1150:  258.7  3.200  65.00  11.30  20.80  15.20  26.50  19.20  21.64  0.0000
16-NOV-1996 00 / 1151:  159.0  3.200  61.30  11.40  21.00  15.30  26.70  18.80  16.86  0.0000
16-DEC-1996 00 / 1152:   31.0  3.400  52.50  12.30  20.60  14.50  26.80  17.40  10.92  0.0000
16-JAN-1997 00 / 1153:   84.0  3.800  58.80  13.20  21.80  15.20  28.40  16.60  18.12  0.0000
15-FEB-1997 00 / 1154:    0.1  3.900  58.80  13.20  21.90  15.30  28.50  16.50   0.11  0.0000
16-MAR-1997 00 / 1155:   82.1  3.900  60.70  12.40  22.40  16.20  28.60  18.00  14.81  0.0000
16-APR-1997 00 / 1156:  192.1  3.200  68.40  11.00  21.50  16.00  27.00  19.40  21.45  0.0000
16-MAY-1997 00 / 1157:   97.0  2.900  73.40  10.60  21.10  15.80  26.40  19.70  17.20  0.0000
16-JUN-1997 00 / 1158:   70.0  3.100  60.20  11.00  20.90  15.40  26.40  18.90  10.76  0.0000
16-JUL-1997 00 / 1159:   78.4  2.700  72.80  10.60  20.20  14.90  25.50  18.70  11.11  0.0000
16-AUG-1997 00 / 1160:   97.5  2.900  67.50  10.50  19.90  14.70  25.20  19.00  11.03  0.0000
16-SEP-1997 00 / 1161:   72.1  3.300  63.50  11.20  21.00  15.40  26.60  19.00  10.84  0.0000
16-OCT-1997 00 / 1162:  215.1  3.200  65.70  11.30  21.10  15.50  26.80  19.30  19.89  0.0000
16-NOV-1997 00 / 1163:  265.1  3.300  61.30  12.20  21.10  15.00  27.20  18.80  22.77  0.0000
16-DEC-1997 00 / 1164:  105.2  3.300  62.50  13.00  21.00  14.50  27.50  17.50  20.31  0.0000
16-JAN-1998 00 / 1165:   99.7  3.800  58.80  14.10  21.80  14.80  28.90  16.60  19.59  0.0000
15-FEB-1998 00 / 1166:   34.2  3.900  62.20  14.20  22.30  15.20  29.40  16.60  10.65  0.0000
16-MAR-1998 00 / 1167:   85.4  3.900  58.90  12.40  22.70  16.50  28.90  18.50  14.44  0.0000
16-APR-1998 00 / 1168:  136.8  3.300  66.30  11.00  21.70  16.20  27.20  19.90  18.50  0.0000
16-MAY-1998 00 / 1169:  126.8  2.900  66.30  10.60  20.80  15.50  26.10  20.30  19.48  0.0000
16-JUN-1998 00 / 1170:   75.5  3.200  52.40  11.00  20.70  15.20  26.20  19.50  11.21  0.0000
16-JUL-1998 00 / 1171:  100.5  2.700  72.20  10.60  20.20  14.90  25.50  19.30  12.10  0.0000
16-AUG-1998 00 / 1172:   85.4  2.800  67.20   9.40  20.10  15.40  24.80  19.60  10.19  0.0000
16-SEP-1998 00 / 1173:  124.4  3.000  70.70  11.20  20.60  15.00  26.20  19.40  14.05  0.0000
16-OCT-1998 00 / 1174:  214.6  3.200  65.00  10.30  21.30  16.20  26.50  19.80  20.05  0.0000
16-NOV-1998 00 / 1175:  128.5  3.300  61.30  12.10  21.40  15.40  27.50  18.80  15.87  0.0000
16-DEC-1998 00 / 1176:   21.2  3.600  56.20  13.70  21.90  15.10  28.80  17.30   9.05  0.0000
16-JAN-1999 00 / 1177:   40.2  3.700  58.80  12.80  21.70  15.30  28.10  16.90  11.01  0.0000
15-FEB-1999 00 / 1178:   16.8  4.200  58.80  13.80  23.60  16.70  30.50  16.80   7.01  0.0000
16-MAR-1999 00 / 1179:  132.4  3.600  69.90  12.40  22.00  15.80  28.20  18.20  18.59  0.0000
16-APR-1999 00 / 1180:   97.6  3.300  68.50  11.70  21.80  16.00  27.70  19.70  15.54  0.0000
16-MAY-1999 00 / 1181:  101.0  3.200  58.80  11.10  21.10  15.60  26.70  19.80  17.61  0.0000
16-JUN-1999 00 / 1182:   53.3  3.200  52.90  11.60  20.60  14.80  26.40  19.10   9.49  0.0000
16-JUL-1999 00 / 1183:   57.4  2.900  66.10  11.10  20.10  14.60  25.70  18.80   9.11  0.0000
16-AUG-1999 00 / 1184:  173.7  2.600  81.00  10.60  20.20  14.90  25.50  19.10  14.96  0.0000
16-SEP-1999 00 / 1185:  149.0  3.100  68.10  11.60  20.50  14.70  26.30  19.10  15.33  0.0000
16-OCT-1999 00 / 1186:  228.3  3.100  58.70  10.20  20.30  15.20  25.40  19.90  20.60  0.0000
16-NOV-1999 00 / 1187:  135.7  3.200  61.30  11.60  21.00  15.20  26.80  18.90  16.66  0.0000
16-DEC-1999 00 / 1188:   43.0  3.400  57.50  12.20  21.00  14.90  27.10  17.60  13.62  0.0000
16-JAN-2000 00 / 1189:   15.8  3.700  58.80  13.80  21.60  14.70  28.50  16.50   7.42  0.0000
15-FEB-2000 00 / 1190:   13.7  3.900  60.10  13.70  22.10  15.30  29.00  16.60   5.94  0.0000
16-MAR-2000 00 / 1191:   55.2  3.700  65.50  12.90  22.10  15.70  28.60  17.70  12.13  0.0000
16-APR-2000 00 / 1192:  130.2  3.400  68.00  11.60  22.60  16.80  28.40  19.60  17.86  0.0000
16-MAY-2000 00 / 1193:   89.1  3.300  63.10  11.20  22.50  16.90  28.10  20.70  16.56  0.0000
16-JUN-2000 00 / 1194:   85.9  3.100  57.20  11.60  20.90  15.10  26.70  19.90  11.81  0.0000
16-JUL-2000 00 / 1195:   74.6  3.300  54.00  10.50  21.10  15.90  26.40  19.30  10.30  0.0000
16-AUG-2000 00 / 1196:  124.6  3.100  69.90  10.90  21.60  16.20  27.10  20.00  12.91  0.0000
16-SEP-2000 00 / 1197:  138.8  3.000  70.00  12.40  20.50  14.30  26.70  19.60  14.84  0.0000
16-OCT-2000 00 / 1198:  290.2  3.100  65.70  11.60  20.80  15.00  26.60  20.40  22.67  0.0000
16-NOV-2000 00 / 1199:  129.5  3.500  61.30  12.30  22.30  16.20  28.50  19.40  16.36  0.0000
16-DEC-2000 00 / 1200:   37.5  3.400  53.80  12.40  20.90  14.70  27.10  18.40  12.30  0.0000
16-JAN-2001 00 / 1201:   30.6  3.900  58.80  13.60  22.80  16.00  29.60  17.00   8.43  0.0000
15-FEB-2001 00 / 1202:   41.9  4.100  58.80  13.20  23.70  17.10  30.30  17.70  11.34  0.0000
16-MAR-2001 00 / 1203:   87.7  3.900  61.10  11.80  23.10  17.20  29.00  18.90  14.97  0.0000
16-APR-2001 00 / 1204:  149.8  3.400  66.30  11.20  22.80  17.20  28.40  20.50  19.01  0.0000
16-MAY-2001 00 / 1205:  114.9  3.200  63.80  10.70  22.50  17.20  27.90  20.90  18.38  0.0000
16-JUN-2001 00 / 1206:   88.6  3.100  57.50  10.70  21.00  15.70  26.40  19.40  11.70  0.0000
16-JUL-2001 00 / 1207:   97.3  2.800  75.30  10.30  21.00  15.90  26.20  19.60  12.03  0.0000
16-AUG-2001 00 / 1208:  137.1  2.900  71.30  10.60  21.20  15.90  26.50  19.90  13.11  0.0000
16-SEP-2001 00 / 1209:  149.4  3.100  71.90  11.60  21.30  15.50  27.10  19.80  15.15  0.0000
16-OCT-2001 00 / 1210:  193.9  3.300  65.00  11.30  22.10  16.50  27.80  20.40  18.85  0.0000
16-NOV-2001 00 / 1211:  153.3  3.400  61.30  11.90  22.10  16.20  28.10  19.60  17.30  0.0000
16-DEC-2001 00 / 1212:   37.5  3.400  59.50  13.50  21.20  14.50  28.00  17.80  11.62  0.0000
16-JAN-2002 00 / 1213:   31.1  3.800  58.80  13.20  22.50  15.90  29.10  17.30   8.57  0.0000
15-FEB-2002 00 / 1214:   47.2  4.100  62.10  13.20  24.20  17.60  30.80  18.00  12.18  0.0000
16-MAR-2002 00 / 1215:  113.9  3.900  62.10  12.40  23.10  16.90  29.30  18.70  16.98  0.0000
16-APR-2002 00 / 1216:  146.0  3.500  66.30  11.00  23.20  17.70  28.70  20.50  18.81  0.0000
16-MAY-2002 00 / 1217:  107.1  3.300  62.40  10.60  22.70  17.40  28.00  21.00  17.54  0.0000
16-JUN-2002 00 / 1218:   93.9  3.100  62.50  10.90  21.80  16.40  27.30  20.00  12.11  0.0000
16-JUL-2002 00 / 1219:   95.9  3.000  68.80  10.60  21.80  16.50  27.10  20.10  11.87  0.0000
16-AUG-2002 00 / 1220:  142.5  3.100  71.30  11.00  21.80  16.30  27.30  20.00  13.40  0.0000
16-SEP-2002 00 / 1221:  165.4  3.400  67.50  12.30  22.20  16.10  28.40  19.90  15.92  0.0000
16-OCT-2002 00 / 1222:  217.3  3.300  65.00  11.70  21.50  15.70  27.40  19.30  19.61  0.0000
16-NOV-2002 00 / 1223:  158.8  3.300  61.30  10.40  22.10  16.90  27.30  20.10  17.62  0.0000
16-DEC-2002 00 / 1224:   70.6  3.600  53.80  12.30  22.10  16.00  28.30  18.20  16.04  0.0000
16-JAN-2003 00 / 1225:   40.1  3.900  55.80  13.20  22.70  16.10  29.30  17.80  11.57  0.0000
15-FEB-2003 00 / 1226:   56.2  4.000  58.80  13.20  22.80  16.20  29.40  17.70  13.13  0.0000
16-MAR-2003 00 / 1227:  104.9  3.900  61.90  12.30  23.30  17.20  29.50  19.20  16.46  0.0000
16-APR-2003 00 / 1228:  141.7  3.500  66.10  10.10  23.30  18.30  28.40  20.90  18.54  0.0000
16-MAY-2003 00 / 1229:  124.8  3.300  63.50   9.90  22.70  17.80  27.70  21.10  19.06  0.0000
16-JUN-2003 00 / 1230:   80.6  3.100  61.60  10.50  21.50  16.30  26.80  19.70  11.28  0.0000
16-JUL-2003 00 / 1231:   95.9  3.100  65.90  10.50  21.60  16.40  26.90  19.60  11.87  0.0000
16-AUG-2003 00 / 1232:  157.2  2.800  71.30  10.50  20.40  15.20  25.70  19.90  14.01  0.0000
16-SEP-2003 00 / 1233:  171.1  3.000  69.90   9.60  21.50  16.70  26.30  20.90  16.17  0.0000
16-OCT-2003 00 / 1234:  166.9  3.200  65.00  11.30  21.40  15.80  27.10  20.40  17.49  0.0000
16-NOV-2003 00 / 1235:  149.4  3.400  60.20  10.90  22.30  16.90  27.80  20.30  17.01  0.0000
16-DEC-2003 00 / 1236:   47.8  4.000  48.10  13.20  23.40  16.80  30.00  18.70  13.85  0.0000
16-JAN-2004 00 / 1237:   61.2  3.900  58.30  12.40  23.70  17.50  29.90  18.40  13.68  0.0000
15-FEB-2004 00 / 1238:   38.1  4.400  52.90  14.20  23.90  16.80  31.00  17.40  10.24  0.0000
16-MAR-2004 00 / 1239:   96.3  3.700  65.00  12.40  22.50  16.30  28.70  19.00  15.66  0.0000
16-APR-2004 00 / 1240:  165.8  3.300  67.40   9.50  22.10  17.40  26.90  20.10  19.78  0.0000
16-MAY-2004 00 / 1241:  106.3  3.200  63.00  10.10  22.40  17.40  27.50  20.90  17.65  0.0000
16-JUN-2004 00 / 1242:   86.2  3.100  61.30  10.60  21.80  16.50  27.10  20.10  11.58  0.0000
16-JUL-2004 00 / 1243:   93.2  3.100  64.70  10.90  21.40  16.00  26.90  19.60  11.83  0.0000
16-AUG-2004 00 / 1244:  170.2  3.100  67.10  11.30  21.50  15.90  27.20  19.90  14.39  0.0000
16-SEP-2004 00 / 1245:  135.8  3.200  65.60  11.30  21.00  15.40  26.70  19.50  14.20  0.0000
16-OCT-2004 00 / 1246:  175.4  3.300  63.00  11.40  21.70  16.00  27.40  20.00  18.04  0.0000
16-NOV-2004 00 / 1247:  175.5  3.400  59.50  11.20  21.90  16.30  27.50  19.60  18.25  0.0000
16-DEC-2004 00 / 1248:   36.7  3.600  52.10  11.90  21.80  15.90  27.80  17.90  10.59  0.0000
16-JAN-2005 00 / 1249:   29.9  3.800  54.10  13.80  21.40  14.50  28.30  16.30   8.36  0.0000
15-FEB-2005 00 / 1250:   37.9  4.500  53.40  14.00  24.70  17.70  31.70  17.40   9.57  0.0000
16-MAR-2005 00 / 1251:   90.2  3.800  65.80  11.20  23.70  18.10  29.30  19.50  15.25  0.0000
16-APR-2005 00 / 1252:  147.9  3.800  60.70  11.80  24.00  18.10  29.90  20.60  18.88  0.0000
16-MAY-2005 00 / 1253:  118.7  3.100  64.30   9.70  21.90  17.10  26.80  20.30  18.68  0.0000
16-JUN-2005 00 / 1254:   84.0  3.100  61.60  10.50  21.60  16.40  26.90  20.00  11.58  0.0000
16-JUL-2005 00 / 1255:   91.0  2.900  67.00  10.10  20.60  15.60  25.70  19.20  11.50  0.0000
16-AUG-2005 00 / 1256:  131.9  3.000  69.10  10.60  21.10  15.80  26.40  19.60  12.73  0.0000
16-SEP-2005 00 / 1257:  150.6  3.300  65.60  11.30  21.70  16.10  27.40  20.20  15.24  0.0000
16-OCT-2005 00 / 1258:  175.8  3.300  63.60  11.40  21.30  15.60  27.00  19.90  18.04  0.0000
16-NOV-2005 00 / 1259:  132.7  3.500  56.60  12.50  22.70  16.50  29.00  20.90  15.97  0.0000
16-DEC-2005 00 / 1260:   35.8  4.100  43.20  14.80  23.20  15.80  30.60  18.30  10.43  0.0000
16-JAN-2006 00 / 1261:   29.6  4.000  57.10  13.20  23.20  16.60  29.80  17.60   8.40  0.0000
15-FEB-2006 00 / 1262:   41.1  4.300  55.50  13.50  23.90  17.20  30.70  17.80  11.14  0.0000
16-MAR-2006 00 / 1263:  123.8  3.800  66.10  11.10  23.40  17.90  29.00  19.00  17.41  0.0000
16-APR-2006 00 / 1264:  158.6  3.500  63.70  10.80  22.90  17.50  28.30  20.90  19.46  0.0000
16-MAY-2006 00 / 1265:  122.9  3.100  63.80  10.50  21.20  16.00  26.50  19.60  18.97  0.0000
16-JUN-2006 00 / 1266:   79.4  3.100  59.80  11.30  21.20  15.60  26.90  19.20  11.28  0.0000
16-JUL-2006 00 / 1267:   86.4  3.000  64.70  11.00  21.40  15.90  26.90  19.90  11.30  0.0000
16-AUG-2006 00 / 1268:  166.8  2.800  75.80  10.40  21.50  16.30  26.70  20.40  14.29  0.0000
16-SEP-2006 00 / 1269:  163.6  3.100  66.30  11.30  20.60  15.00  26.30  19.40  15.87  0.0000
16-OCT-2006 00 / 1270:  171.9  3.400  62.70  11.80  22.20  16.30  28.10  20.80  17.87  0.0000
16-NOV-2006 00 / 1271:  147.4  3.300  61.50  11.00  22.00  16.50  27.50  20.20  17.00  0.0000
16-DEC-2006 00 / 1272:   57.8  3.500  52.90  11.60  21.60  15.80  27.40  18.40  14.98  0.0000
16-JAN-2007 00 / 1273:   28.5  3.800  57.90  12.60  22.90  16.60  29.20  17.90   8.06  0.0000
15-FEB-2007 00 / 1274:   38.1  4.200  56.10  13.20  23.70  17.10  30.30  18.10   9.50  0.0000
16-MAR-2007 00 / 1275:   85.1  4.000  64.50  12.80  24.30  17.90  30.70  19.30  14.70  0.0000
16-APR-2007 00 / 1276:  152.6  3.500  65.30  10.70  23.30  18.00  28.70  21.10  19.17  0.0000
16-MAY-2007 00 / 1277:  120.6  3.400  61.10  10.80  23.00  17.60  28.40  21.20  18.82  0.0000
16-JUN-2007 00 / 1278:   86.6  3.000  62.50  10.80  20.70  15.30  26.10  19.00  11.76  0.0000
16-JUL-2007 00 / 1279:  116.5  2.600  80.70  10.60  20.20  14.90  25.50  18.20  13.12  0.0000
16-AUG-2007 00 / 1280:  142.3  2.900  70.20  10.30  20.70  15.60  25.90  19.60  13.38  0.0000
16-SEP-2007 00 / 1281:  173.0  3.200  67.70  10.90  21.10  15.70  26.60  19.10  16.26  0.0000
16-OCT-2007 00 / 1282:  170.3  3.400  64.50  11.80  21.70  15.80  27.60  19.60  17.78  0.0000
16-NOV-2007 00 / 1283:  157.0  3.400  58.80  11.60  21.20  15.40  27.00  18.40  17.55  0.0000
16-DEC-2007 00 / 1284:   35.0  3.700  51.40  12.40  22.80  16.60  29.00  18.90  10.10  0.0000
16-JAN-2008 00 / 1285:   51.3  4.100  59.10  12.50  24.30  18.10  30.60  18.20  13.01  0.0000
15-FEB-2008 00 / 1286:   36.6  4.100  57.50  13.10  23.70  17.20  30.30  18.30   9.20  0.0000
16-MAR-2008 00 / 1287:   83.8  3.800  64.20  11.90  23.30  17.40  29.30  19.80  14.51  0.0000
16-APR-2008 00 / 1288:  140.1  3.200  66.00  11.40  21.90  16.20  27.60  20.80  18.43  0.0000
16-MAY-2008 00 / 1289:  112.2  3.100  63.40  10.40  21.70  16.50  26.90  21.20  18.19  0.0000
16-JUN-2008 00 / 1290:   89.9  3.000  61.60  10.50  21.10  15.90  26.40  20.00  11.95  0.0000
16-JUL-2008 00 / 1291:   91.9  3.000  65.30  11.10  21.20  15.70  26.80  19.90  11.83  0.0000
16-AUG-2008 00 / 1292:  138.7  2.900  70.50  10.50  21.40  16.20  26.70  20.90  13.22  0.0000
16-SEP-2008 00 / 1293:  197.0  3.200  67.90  10.40  21.90  16.70  27.10  20.80  17.04  0.0000
16-OCT-2008 00 / 1294:  197.2  3.200  65.90  10.20  21.30  16.20  26.40  19.80  18.95  0.0000
16-NOV-2008 00 / 1295:  158.8  3.400  59.20  11.40  22.00  16.30  27.70  19.80  17.64  0.0000
16-DEC-2008 00 / 1296:   35.0  3.400  53.40  12.50  20.70  14.50  27.00  18.30  10.10  0.0000
16-JAN-2009 00 / 1297:   35.0  3.900  58.70  13.10  23.30  16.80  29.90  17.90   9.90  0.0000
15-FEB-2009 00 / 1298:   60.3  4.100  58.40  13.40  23.30  16.60  30.00  17.70  13.51  0.0000
16-MAR-2009 00 / 1299:   83.8  3.800  63.90  12.00  23.40  17.40  29.40  19.70  14.51  0.0000
16-APR-2009 00 / 1300:  147.0  3.400  65.40  10.20  22.90  17.80  28.00  20.70  18.80  0.0000
16-MAY-2009 00 / 1301:  103.9  3.200  63.80  10.60  22.50  17.20  27.80  21.00  17.38  0.0000
16-JUN-2009 00 / 1302:   74.4  3.000  62.20  11.10  21.40  15.90  27.00  20.20  10.79  0.0000
16-JUL-2009 00 / 1303:   93.8  3.100  68.30  10.90  22.20  16.80  27.70  20.60  11.84  0.0000
16-AUG-2009 00 / 1304:  141.4  3.000  70.90  10.80  22.00  16.60  27.40  20.80  13.33  0.0000
16-SEP-2009 00 / 1305:  165.9  3.300  67.60  11.00  22.00  16.50  27.50  20.40  15.98  0.0000
16-OCT-2009 00 / 1306:  167.0  3.400  63.20  11.30  22.30  16.70  28.00  20.60  17.59  0.0000
16-NOV-2009 00 / 1307:  160.6  3.300  61.20  11.40  22.30  16.60  28.00  20.80  17.70  0.0000
16-DEC-2009 00 / 1308:   52.2  3.800  53.80  12.30  23.40  17.30  29.60  19.30  14.51  0.0000
16-JAN-2010 00 / 1309:   35.7  3.700  58.40  13.50  22.00  15.30  28.80  18.20   9.98  0.0000
15-FEB-2010 00 / 1310:   56.6  3.900  58.40  13.40  21.90  15.20  28.60  16.40  13.23  0.0000
16-MAR-2010 00 / 1311:   92.0  3.900  64.70  12.50  23.60  17.40  29.90  19.70  15.47  0.0000
16-APR-2010 00 / 1312:  148.1  3.500  66.30  11.00  23.30  17.80  28.80  21.00  18.93  0.0000
16-MAY-2010 00 / 1313:  113.3  3.200  63.60  10.80  22.40  17.00  27.80  21.20  18.28  0.0000
16-JUN-2010 00 / 1314:   88.6  3.100  62.20  11.10  21.40  15.90  27.00  19.80  11.88  0.0000
16-JUL-2010 00 / 1315:  104.3  3.000  68.20  11.00  21.20  15.70  26.70  19.50  12.40  0.0000
16-AUG-2010 00 / 1316:  130.6  2.900  71.00  10.80  21.40  16.00  26.80  20.50  12.74  0.0000
16-SEP-2010 00 / 1317:  153.0  3.200  67.40  11.20  21.70  16.10  27.30  20.20  15.40  0.0000
16-OCT-2010 00 / 1318:  182.0  3.300  64.70  11.50  22.20  16.50  28.00  20.70  18.37  0.0000
16-NOV-2010 00 / 1319:  140.3  3.400  61.00  11.70  22.40  16.60  28.30  20.20  16.60  0.0000
16-DEC-2010 00 / 1320:   52.2  3.700  53.80  12.30  22.60  16.50  28.80  18.70  14.51  0.0000
