YEAR         X     XX          PRED   PETD   CLDD   DTRD   TMPD   TMND   TMXD   VAPD   WETD    FRSD
16-JAN-1960 00 /  709:  103.0  2.600  85.10  11.60  18.80  13.00  24.60  17.40  21.04  0.0000
15-FEB-1960 00 /  710:   91.6  2.800  83.00  11.60  19.20  13.40  25.00  17.20  18.10  0.0000
16-MAR-1960 00 /  711:   91.5  2.400  95.30  10.90  18.80  13.40  24.30  17.50  19.20  0.0000
16-APR-1960 00 /  712:  146.1  2.100  98.90  10.20  18.60  13.50  23.70  18.10  23.89  0.0000
16-MAY-1960 00 /  713:   39.6  2.400  86.80  11.30  18.90  13.30  24.60  17.60  11.78  0.0000
16-JUN-1960 00 /  714:    4.7  2.400  99.40  13.10  18.70  12.20  25.30  16.00   3.08  0.0000
16-JUL-1960 00 /  715:    2.0  3.100  67.30  13.20  18.40  11.80  25.00  14.70   1.94  0.0000
16-AUG-1960 00 /  716:   29.2  3.200  72.60  12.40  19.40  13.20  25.60  15.40   6.85  0.0000
16-SEP-1960 00 /  717:   67.3  3.000  73.70  11.70  19.10  13.30  25.00  16.40  11.75  0.0000
16-OCT-1960 00 /  718:   99.1  2.800  77.60  11.60  19.00  13.20  24.80  17.40  19.51  0.0000
16-NOV-1960 00 /  719:   92.2  2.500  83.80  11.00  18.90  13.40  24.40  18.10  20.20  0.0000
16-DEC-1960 00 /  720:   79.5  2.500  83.70  12.30  19.00  12.90  25.20  17.70  19.00  0.0000
16-JAN-1961 00 /  721:   59.3  2.600  91.60  13.90  19.20  12.30  26.20  17.20  16.30  0.0000
15-FEB-1961 00 /  722:   84.0  2.700  85.60  11.50  19.10  13.40  24.90  17.50  16.91  0.0000
16-MAR-1961 00 /  723:  112.5  2.600  89.80  11.60  19.20  13.40  25.00  17.70  21.01  0.0000
16-APR-1961 00 /  724:  131.2  2.400  89.50  11.10  19.10  13.60  24.70  18.30  22.33  0.0000
16-MAY-1961 00 /  725:   81.6  2.500  83.40  11.60  19.70  13.90  25.50  18.80  16.86  0.0000
16-JUN-1961 00 /  726:    7.1  2.900  69.60  13.00  19.00  12.50  25.50  16.40   3.83  0.0000
16-JUL-1961 00 /  727:    6.7  3.000  69.50  13.30  18.70  12.10  25.40  15.40   3.84  0.0000
16-AUG-1961 00 /  728:   21.7  3.000  76.80  12.30  19.10  13.00  25.30  15.50   5.39  0.0000
16-SEP-1961 00 /  729:  102.0  3.000  77.30  12.00  19.10  13.10  25.10  16.50  14.17  0.0000
16-OCT-1961 00 /  730:  150.2  2.600  85.80  11.30  18.90  13.30  24.60  17.30  23.44  0.0000
16-NOV-1961 00 /  731:  255.2  2.200  92.30   9.90  18.00  13.10  23.00  17.50  30.00  0.0000
16-DEC-1961 00 /  732:  125.2  2.200  91.90  10.80  18.20  12.80  23.60  17.80  23.62  0.0000
16-JAN-1962 00 /  733:  100.8  2.400  88.10  11.40  18.20  12.50  23.90  17.30  20.77  0.0000
15-FEB-1962 00 /  734:   52.8  2.900  76.70  12.90  19.10  12.70  25.60  17.70  13.55  0.0000
16-MAR-1962 00 /  735:   85.8  2.500  88.90  11.70  18.90  13.10  24.80  17.60  17.73  0.0000
16-APR-1962 00 /  736:   98.0  2.300  88.80  11.50  18.90  13.20  24.70  18.50  19.71  0.0000
16-MAY-1962 00 /  737:  131.8  2.200  89.70  10.90  18.60  13.20  24.10  18.30  20.02  0.0000
16-JUN-1962 00 /  738:   30.1  2.700  73.00  12.50  18.50  12.30  24.80  16.10   8.21  0.0000
16-JUL-1962 00 /  739:    3.7  3.200  66.30  14.40  18.60  11.40  25.80  14.70   3.03  0.0000
16-AUG-1962 00 /  740:   56.8  3.100  78.70  12.40  19.30  13.10  25.50  15.40  11.07  0.0000
16-SEP-1962 00 /  741:  115.9  3.100  73.30  12.60  19.10  12.80  25.40  16.30  15.25  0.0000
16-OCT-1962 00 /  742:  180.5  2.700  82.00  11.60  18.50  12.70  24.30  16.90  25.56  0.0000
16-NOV-1962 00 /  743:  140.3  2.600  82.50  12.10  18.70  12.70  24.80  17.40  24.85  0.0000
16-DEC-1962 00 /  744:  114.0  2.400  86.40  11.80  18.70  12.80  24.60  18.00  22.50  0.0000
16-JAN-1963 00 /  745:  117.6  2.600  86.70  12.10  18.70  12.70  24.80  17.00  22.22  0.0000
15-FEB-1963 00 /  746:  100.6  2.800  81.10  12.50  19.00  12.80  25.30  17.00  18.74  0.0000
16-MAR-1963 00 /  747:  109.3  2.600  89.00  12.10  19.00  13.00  25.10  17.50  20.64  0.0000
16-APR-1963 00 /  748:  214.8  2.300  91.30  11.10  18.50  13.00  24.10  18.00  28.08  0.0000
16-MAY-1963 00 /  749:  207.3  2.200  91.00  10.40  18.70  13.50  23.90  18.20  25.13  0.0000
16-JUN-1963 00 /  750:   31.3  2.800  68.50  13.00  18.40  11.90  24.90  15.90   8.52  0.0000
16-JUL-1963 00 /  751:    8.5  3.200  64.80  14.60  18.60  11.30  25.90  14.50   5.31  0.0000
16-AUG-1963 00 /  752:   27.3  3.300  69.80  14.10  19.00  12.00  26.10  14.80   6.72  0.0000
16-SEP-1963 00 /  753:   66.3  3.200  68.80  13.40  19.10  12.40  25.80  16.10  11.49  0.0000
16-OCT-1963 00 /  754:   57.9  3.100  72.10  13.50  19.30  12.60  26.10  17.00  14.66  0.0000
16-NOV-1963 00 /  755:  158.0  2.300  88.90  10.40  18.40  13.20  23.60  17.60  26.14  0.0000
16-DEC-1963 00 /  756:  202.0  2.300  88.20  11.30  18.50  12.90  24.20  17.60  28.11  0.0000
16-JAN-1964 00 /  757:   63.6  2.600  85.50  12.50  19.00  12.80  25.30  17.40  16.83  0.0000
15-FEB-1964 00 /  758:  123.6  2.800  81.70  12.10  19.20  13.20  25.30  17.50  20.71  0.0000
16-MAR-1964 00 /  759:  113.7  2.600  88.20  11.80  19.30  13.40  25.20  17.80  21.10  0.0000
16-APR-1964 00 /  760:  206.7  2.200  93.00  10.50  18.90  13.70  24.20  18.60  27.87  0.0000
16-MAY-1964 00 /  761:   40.5  2.400  83.10  12.00  18.80  12.80  24.80  17.80  12.32  0.0000
16-JUN-1964 00 /  762:   30.5  2.800  68.90  13.00  18.50  12.00  25.00  16.00   8.55  0.0000
16-JUL-1964 00 /  763:   28.1  3.100  67.60  14.10  18.20  11.20  25.30  14.60  13.55  0.0000
16-AUG-1964 00 /  764:   34.8  3.100  74.40  13.00  18.80  12.30  25.30  14.90   8.72  0.0000
16-SEP-1964 00 /  765:   75.5  3.100  72.50  12.80  18.60  12.20  25.00  15.80  11.91  0.0000
16-OCT-1964 00 /  766:  102.8  2.800  78.70  12.30  18.50  12.40  24.70  16.60  19.89  0.0000
16-NOV-1964 00 /  767:  111.9  2.700  80.30  12.20  18.80  12.70  24.90  17.50  22.48  0.0000
16-DEC-1964 00 /  768:   99.0  2.500  85.20  12.30  18.60  12.50  24.80  17.50  21.30  0.0000
16-JAN-1965 00 /  769:   27.3  2.800  80.10  13.40  18.70  12.00  25.40  16.90  11.21  0.0000
15-FEB-1965 00 /  770:   59.1  2.800  79.30  12.80  18.60  12.20  25.00  16.90  14.81  0.0000
16-MAR-1965 00 /  771:  140.2  2.500  91.50  11.70  19.10  13.30  25.00  17.50  22.91  0.0000
16-APR-1965 00 /  772:  161.0  2.300  90.10  11.20  18.70  13.10  24.30  18.20  24.99  0.0000
16-MAY-1965 00 /  773:   70.5  2.400  82.60  11.90  18.90  13.00  24.90  18.00  15.95  0.0000
16-JUN-1965 00 /  774:    9.2  3.000  60.30  14.00  18.40  11.40  25.40  15.60   4.07  0.0000
16-JUL-1965 00 /  775:    1.3  3.300  63.00  14.50  18.60  11.40  25.90  14.30   1.43  0.0000
16-AUG-1965 00 /  776:   27.2  3.200  72.30  13.40  19.10  12.40  25.80  15.20   7.46  0.0000
16-SEP-1965 00 /  777:   89.3  3.100  71.40  12.80  19.30  12.90  25.70  16.70  13.39  0.0000
16-OCT-1965 00 /  778:   87.6  2.800  78.70  12.20  18.80  12.70  24.90  17.00  18.10  0.0000
16-NOV-1965 00 /  779:  110.7  2.500  84.20  11.50  18.90  13.20  24.70  18.00  21.98  0.0000
16-DEC-1965 00 /  780:   88.1  2.500  83.00  12.00  18.90  12.90  24.90  17.90  19.99  0.0000
16-JAN-1966 00 /  781:   71.8  2.700  82.80  12.80  19.30  12.90  25.70  17.40  17.91  0.0000
15-FEB-1966 00 /  782:  116.9  2.600  87.50  11.20  19.40  13.80  25.00  17.90  19.92  0.0000
16-MAR-1966 00 /  783:  138.0  2.400  93.50  11.00  19.20  13.70  24.70  18.30  23.17  0.0000
16-APR-1966 00 /  784:  129.6  2.300  89.30  11.20  18.70  13.10  24.30  18.20  22.62  0.0000
16-MAY-1966 00 /  785:   47.6  2.500  80.20  12.60  19.20  12.90  25.50  18.10  12.95  0.0000
16-JUN-1966 00 /  786:   15.1  2.900  65.30  13.20  18.90  12.30  25.50  16.90   5.77  0.0000
16-JUL-1966 00 /  787:    0.9  3.100  67.00  14.30  18.70  11.60  25.90  15.10   0.85  0.0000
16-AUG-1966 00 /  788:   64.2  3.200  73.40  13.10  19.40  12.90  26.00  15.40  11.47  0.0000
16-SEP-1966 00 /  789:   89.7  3.100  74.00  12.20  19.20  13.10  25.30  16.50  13.63  0.0000
16-OCT-1966 00 /  790:   86.5  2.900  77.50  12.30  19.00  12.90  25.20  17.20  18.42  0.0000
16-NOV-1966 00 /  791:  132.1  2.500  84.20  11.50  18.70  13.00  24.50  17.60  24.11  0.0000
16-DEC-1966 00 /  792:   62.0  2.500  82.00  12.40  18.90  12.70  25.10  17.90  16.92  0.0000
16-JAN-1967 00 /  793:   36.2  2.700  82.10  13.20  18.90  12.30  25.50  17.40  12.94  0.0000
15-FEB-1967 00 /  794:   31.2  2.900  78.00  12.70  19.40  13.10  25.80  17.50  11.18  0.0000
16-MAR-1967 00 /  795:  103.4  2.700  85.90  12.30  19.40  13.30  25.60  17.70  20.27  0.0000
16-APR-1967 00 /  796:  150.1  2.400  85.20  11.10  19.10  13.60  24.70  18.80  23.99  0.0000
16-MAY-1967 00 /  797:  140.7  2.200  88.30  10.50  18.70  13.50  24.00  18.40  21.48  0.0000
16-JUN-1967 00 /  798:   27.7  2.800  66.50  13.00  18.30  11.80  24.80  16.30   6.38  0.0000
16-JUL-1967 00 /  799:    5.6  3.100  68.10  13.70  18.40  11.60  25.30  14.80   4.30  0.0000
16-AUG-1967 00 /  800:    8.6  3.200  70.90  13.70  18.90  12.10  25.80  15.10   3.89  0.0000
16-SEP-1967 00 /  801:   76.6  3.000  75.30  12.10  18.80  12.80  24.90  16.20  11.95  0.0000
16-OCT-1967 00 /  802:  129.3  2.800  80.60  11.90  18.80  12.90  24.80  16.90  21.75  0.0000
16-NOV-1967 00 /  803:  164.7  2.300  88.80  10.70  18.40  13.10  23.80  17.80  26.80  0.0000
16-DEC-1967 00 /  804:  100.9  2.400  84.70  11.40  18.60  12.90  24.30  17.80  21.42  0.0000
16-JAN-1968 00 /  805:   56.3  2.600  81.60  12.80  18.40  12.00  24.80  16.90  15.56  0.0000
15-FEB-1968 00 /  806:  160.3  2.700  83.10  11.50  18.70  13.00  24.50  17.30  21.72  0.0000
16-MAR-1968 00 /  807:  144.7  2.400  89.40  11.40  18.40  12.70  24.10  17.40  23.70  0.0000
16-APR-1968 00 /  808:  156.9  2.200  91.40  10.50  18.20  13.00  23.50  18.00  24.66  0.0000
16-MAY-1968 00 /  809:   85.8  2.300  83.30  11.60  18.30  12.50  24.10  17.80  17.38  0.0000
16-JUN-1968 00 /  810:   63.9  2.700  72.20  12.60  18.10  11.80  24.40  15.80  12.90  0.0000
16-JUL-1968 00 /  811:    8.3  3.200  64.70  14.60  18.20  10.90  25.50  14.30   5.47  0.0000
16-AUG-1968 00 /  812:    6.9  3.200  71.00  13.90  18.70  11.80  25.70  14.80   2.82  0.0000
16-SEP-1968 00 /  813:   69.6  3.300  65.90  13.90  18.90  12.00  25.90  15.90  11.51  0.0000
16-OCT-1968 00 /  814:   93.5  2.900  76.10  12.80  18.70  12.30  25.10  16.60  19.10  0.0000
16-NOV-1968 00 /  815:  135.3  2.500  83.80  11.70  18.70  12.90  24.60  17.90  24.57  0.0000
16-DEC-1968 00 /  816:   64.4  2.400  88.30  11.50  18.80  13.10  24.60  17.90  17.20  0.0000
16-JAN-1969 00 /  817:  102.2  2.500  87.80  12.20  18.90  12.80  25.00  17.30  21.03  0.0000
15-FEB-1969 00 /  818:  153.7  2.600  84.50  11.80  19.10  13.20  25.00  17.90  22.75  0.0000
16-MAR-1969 00 /  819:   97.6  2.500  88.90  12.00  19.20  13.20  25.20  18.20  19.87  0.0000
16-APR-1969 00 /  820:  112.3  2.600  81.20  12.20  19.60  13.50  25.70  18.90  21.21  0.0000
16-MAY-1969 00 /  821:  132.2  2.300  86.30  11.40  19.10  13.40  24.80  18.60  21.18  0.0000
16-JUN-1969 00 /  822:    3.0  2.900  66.50  13.30  18.80  12.20  25.50  16.60   1.93  0.0000
16-JUL-1969 00 /  823:    1.5  3.300  59.50  15.20  18.60  11.00  26.20  15.00   1.09  0.0000
16-AUG-1969 00 /  824:   14.9  3.400  65.10  14.80  19.30  11.90  26.70  15.20   5.48  0.0000
16-SEP-1969 00 /  825:   56.2  3.200  69.90  13.40  19.40  12.70  26.10  16.50  10.59  0.0000
16-OCT-1969 00 /  826:   75.1  3.000  76.60  12.80  19.40  13.00  25.80  17.50  17.19  0.0000
16-NOV-1969 00 /  827:  109.3  2.600  82.50  12.00  19.00  13.00  25.00  17.90  22.34  0.0000
16-DEC-1969 00 /  828:   57.9  2.600  83.00  12.40  18.90  12.70  25.10  17.60  16.44  0.0000
16-JAN-1970 00 /  829:  105.0  2.500  87.10  11.80  18.90  13.00  24.80  17.70  21.26  0.0000
15-FEB-1970 00 /  830:   66.4  2.800  81.10  12.40  19.70  13.50  25.90  18.20  15.50  0.0000
16-MAR-1970 00 /  831:  161.4  2.500  92.30  11.30  19.20  13.60  24.90  17.90  24.62  0.0000
16-APR-1970 00 /  832:  173.7  2.300  90.60  11.00  19.00  13.50  24.50  18.50  25.98  0.0000
16-MAY-1970 00 /  833:   76.8  2.400  84.80  11.60  18.70  12.90  24.50  17.60  16.15  0.0000
16-JUN-1970 00 /  834:    6.4  2.900  65.50  13.30  18.70  12.10  25.40  16.50   3.32  0.0000
16-JUL-1970 00 /  835:   10.4  3.100  67.30  13.90  18.60  11.70  25.60  14.80   6.29  0.0000
16-AUG-1970 00 /  836:   45.4  3.100  76.30  12.60  19.00  12.70  25.30  15.00   9.31  0.0000
16-SEP-1970 00 /  837:   63.9  3.200  71.10  13.20  19.10  12.50  25.70  16.20  11.39  0.0000
16-OCT-1970 00 /  838:   76.3  3.000  76.00  12.90  18.90  12.50  25.40  16.60  17.17  0.0000
16-NOV-1970 00 /  839:  112.6  2.600  82.60  11.70  18.90  13.10  24.80  17.60  22.40  0.0000
16-DEC-1970 00 /  840:   65.9  2.400  86.00  11.30  18.40  12.80  24.10  17.50  17.59  0.0000
16-JAN-1971 00 /  841:   85.2  2.700  82.50  12.70  18.70  12.40  25.10  16.90  19.18  0.0000
15-FEB-1971 00 /  842:   62.9  2.800  76.40  12.70  18.80  12.50  25.20  17.40  15.03  0.0000
16-MAR-1971 00 /  843:  111.4  2.800  82.10  12.70  19.20  12.90  25.60  17.30  20.61  0.0000
16-APR-1971 00 /  844:  167.6  2.300  89.20  10.80  18.80  13.40  24.20  18.30  25.41  0.0000
16-MAY-1971 00 /  845:  119.3  2.400  83.30  11.40  18.70  13.00  24.40  17.90  20.12  0.0000
16-JUN-1971 00 /  846:    8.1  3.000  60.80  14.20  18.00  10.90  25.10  15.50   3.45  0.0000
16-JUL-1971 00 /  847:   23.1  3.100  66.60  13.80  18.40  11.50  25.30  14.60  11.53  0.0000
16-AUG-1971 00 /  848:   53.0  3.200  73.60  13.20  19.00  12.40  25.60  14.70  10.72  0.0000
16-SEP-1971 00 /  849:   62.5  3.100  71.00  13.10  18.90  12.40  25.50  16.20  11.36  0.0000
16-OCT-1971 00 /  850:   85.7  2.900  77.10  12.30  18.70  12.60  24.90  16.60  18.14  0.0000
16-NOV-1971 00 /  851:  124.9  2.500  84.40  11.60  18.70  12.90  24.50  17.30  23.51  0.0000
16-DEC-1971 00 /  852:   83.1  2.400  85.60  11.70  18.40  12.60  24.30  17.50  18.76  0.0000
16-JAN-1972 00 /  853:   97.5  2.700  84.40  12.80  18.80  12.40  25.20  16.80  20.18  0.0000
15-FEB-1972 00 /  854:  112.7  2.600  83.60  11.70  18.40  12.60  24.30  17.20  19.89  0.0000
16-MAR-1972 00 /  855:   93.4  2.700  85.90  12.60  19.10  12.80  25.40  17.40  19.41  0.0000
16-APR-1972 00 /  856:  113.6  2.500  85.20  12.10  19.00  13.00  25.10  17.60  21.07  0.0000
16-MAY-1972 00 /  857:  125.4  2.300  86.00  11.30  19.10  13.50  24.80  18.40  20.56  0.0000
16-JUN-1972 00 /  858:   88.7  2.600  78.60  11.60  18.60  12.80  24.40  16.50  14.78  0.0000
16-JUL-1972 00 /  859:    0.2  3.100  66.50  13.60  18.90  12.10  25.70  15.20   0.46  0.0000
16-AUG-1972 00 /  860:   41.7  3.200  73.40  13.30  19.40  12.80  26.10  15.30   9.62  0.0000
16-SEP-1972 00 /  861:   68.2  3.200  70.90  13.00  19.40  12.90  25.90  16.50  11.97  0.0000
16-OCT-1972 00 /  862:   90.6  2.900  78.70  12.10  19.10  13.10  25.20  17.30  18.75  0.0000
16-NOV-1972 00 /  863:  150.4  2.400  86.60  10.90  18.60  13.20  24.10  17.70  25.69  0.0000
16-DEC-1972 00 /  864:   99.7  2.500  85.50  11.80  18.90  13.00  24.80  17.90  21.35  0.0000
16-JAN-1973 00 /  865:   55.0  2.600  83.80  12.30  19.10  13.00  25.30  17.60  15.45  0.0000
15-FEB-1973 00 /  866:   91.6  3.000  75.60  13.50  19.60  12.90  26.40  17.80  18.21  0.0000
16-MAR-1973 00 /  867:   97.9  2.900  79.50  12.90  19.70  13.30  26.20  18.20  19.71  0.0000
16-APR-1973 00 /  868:  134.1  2.600  80.90  11.70  19.30  13.50  25.20  18.50  23.05  0.0000
16-MAY-1973 00 /  869:  131.3  2.500  82.50  12.10  19.00  13.00  25.10  17.90  21.11  0.0000
16-JUN-1973 00 /  870:    9.8  2.800  69.30  12.50  18.70  12.50  25.00  16.60   4.31  0.0000
16-JUL-1973 00 /  871:    0.6  3.200  63.40  14.90  18.40  11.00  25.90  14.70   0.96  0.0000
16-AUG-1973 00 /  872:   28.4  3.200  72.40  13.40  19.30  12.60  26.00  15.50   6.66  0.0000
16-SEP-1973 00 /  873:  155.8  3.000  76.20  12.00  19.10  13.10  25.10  16.40  17.43  0.0000
16-OCT-1973 00 /  874:   86.3  3.000  76.10  12.70  19.30  13.00  25.70  17.40  18.39  0.0000
16-NOV-1973 00 /  875:  157.7  2.700  80.30  11.90  18.80  12.90  24.80  17.40  25.99  0.0000
16-DEC-1973 00 /  876:   80.7  2.600  80.50  12.40  18.60  12.40  24.80  17.50  19.15  0.0000
16-JAN-1974 00 /  877:   60.9  2.800  80.60  13.30  18.90  12.30  25.60  17.10  16.43  0.0000
15-FEB-1974 00 /  878:   47.7  2.900  78.10  12.80  19.40  13.00  25.80  17.30  13.49  0.0000
16-MAR-1974 00 /  879:  139.9  2.700  84.70  12.40  19.10  12.90  25.30  17.50  23.18  0.0000
16-APR-1974 00 /  880:  140.1  2.200  90.20  10.90  18.70  13.30  24.20  18.60  23.42  0.0000
16-MAY-1974 00 /  881:   74.5  2.300  87.10  11.10  18.30  12.80  23.90  17.50  16.24  0.0000
16-JUN-1974 00 /  882:   70.3  2.700  72.10  12.20  18.40  12.30  24.50  16.10  13.40  0.0000
16-JUL-1974 00 /  883:   35.7  2.900  74.10  12.20  18.50  12.40  24.60  15.00  15.19  0.0000
16-AUG-1974 00 /  884:   21.2  3.300  69.70  14.30  19.10  12.00  26.30  14.80   5.78  0.0000
16-SEP-1974 00 /  885:   67.6  3.200  68.20  13.70  18.50  11.70  25.40  15.60  11.84  0.0000
16-OCT-1974 00 /  886:   65.0  3.100  73.00  13.30  19.00  12.40  25.70  16.80  16.07  0.0000
16-NOV-1974 00 /  887:  112.1  2.600  82.50  11.90  18.70  12.80  24.70  17.50  22.35  0.0000
16-DEC-1974 00 /  888:   84.8  2.500  82.30  12.20  18.80  12.70  24.90  17.90  19.80  0.0000
16-JAN-1975 00 /  889:   53.6  2.600  82.10  12.90  18.80  12.40  25.30  17.60  15.58  0.0000
15-FEB-1975 00 /  890:   54.7  3.000  78.20  13.30  19.40  12.80  26.10  17.30  14.31  0.0000
16-MAR-1975 00 /  891:  109.9  2.600  87.10  12.20  19.10  13.00  25.20  17.50  20.71  0.0000
16-APR-1975 00 /  892:  149.8  2.400  86.90  11.60  19.00  13.20  24.80  18.00  24.16  0.0000
16-MAY-1975 00 /  893:   78.1  2.400  83.90  11.80  18.70  12.80  24.60  17.80  16.55  0.0000
16-JUN-1975 00 /  894:    6.8  2.700  72.60  12.40  18.30  12.10  24.50  16.10   3.28  0.0000
16-JUL-1975 00 /  895:   39.1  3.000  71.60  12.90  18.50  12.10  25.00  14.90  15.76  0.0000
16-AUG-1975 00 /  896:   24.4  3.000  77.30  12.40  18.80  12.60  25.00  15.00   5.78  0.0000
16-SEP-1975 00 /  897:  167.4  2.900  79.50  11.50  18.60  12.90  24.40  16.10  17.82  0.0000
16-OCT-1975 00 /  898:  153.4  2.700  83.30  11.50  18.50  12.80  24.30  16.70  23.70  0.0000
16-NOV-1975 00 /  899:   73.8  2.600  80.80  12.50  18.90  12.70  25.20  17.80  18.57  0.0000
16-DEC-1975 00 /  900:  121.5  2.400  88.20  11.90  18.50  12.60  24.50  17.50  23.37  0.0000
16-JAN-1976 00 /  901:   31.2  2.800  80.30  13.20  19.00  12.40  25.60  17.20  10.60  0.0000
15-FEB-1976 00 /  902:  111.4  2.900  80.20  12.50  18.80  12.60  25.10  16.50  19.26  0.0000
16-MAR-1976 00 /  903:   95.0  2.600  88.40  12.20  19.10  13.00  25.20  17.70  19.55  0.0000
16-APR-1976 00 /  904:  126.0  2.300  91.20  11.00  18.90  13.40  24.40  18.20  22.17  0.0000
16-MAY-1976 00 /  905:  117.2  2.200  90.90  10.80  19.00  13.60  24.40  18.30  19.92  0.0000
16-JUN-1976 00 /  906:   11.4  2.700  71.70  12.70  18.70  12.40  25.10  16.50   4.34  0.0000
16-JUL-1976 00 /  907:   17.6  2.900  72.40  12.80  18.60  12.20  25.00  15.30  10.36  0.0000
16-AUG-1976 00 /  908:   71.4  3.100  76.50  12.80  19.20  12.80  25.60  15.20  12.23  0.0000
16-SEP-1976 00 /  909:  117.7  3.100  73.50  12.40  19.40  13.20  25.60  17.00  15.29  0.0000
16-OCT-1976 00 /  910:   92.5  2.900  75.60  12.30  19.50  13.40  25.70  18.10  18.53  0.0000
16-NOV-1976 00 /  911:  109.2  2.500  87.70  11.50  19.10  13.40  24.90  17.70  22.17  0.0000
16-DEC-1976 00 /  912:   86.3  2.600  85.30  12.30  19.30  13.20  25.50  17.70  19.65  0.0000
16-JAN-1977 00 /  913:  123.1  2.400  87.40  11.70  19.00  13.20  24.90  18.40  22.71  0.0000
15-FEB-1977 00 /  914:   60.6  2.800  81.40  12.00  19.30  13.30  25.30  17.60  14.92  0.0000
16-MAR-1977 00 /  915:  130.0  2.600  88.70  12.00  19.40  13.40  25.40  17.80  22.53  0.0000
16-APR-1977 00 /  916:  170.0  2.100  96.60  10.10  19.00  14.00  24.10  18.80  25.25  0.0000
16-MAY-1977 00 /  917:   99.5  2.300  85.90  11.10  19.00  13.50  24.60  18.50  18.23  0.0000
16-JUN-1977 00 /  918:   40.9  2.800  69.40  12.90  18.70  12.30  25.20  16.40  10.10  0.0000
16-JUL-1977 00 /  919:    8.0  3.100  67.40  13.90  18.70  11.80  25.70  15.20   5.39  0.0000
16-AUG-1977 00 /  920:   76.1  3.200  74.50  12.90  19.60  13.20  26.10  15.60  12.50  0.0000
16-SEP-1977 00 /  921:   77.8  3.200  69.40  12.80  19.70  13.30  26.10  17.00  12.59  0.0000
16-OCT-1977 00 /  922:   69.9  3.000  76.70  12.70  19.60  13.30  26.00  17.80  16.57  0.0000
16-NOV-1977 00 /  923:  176.4  2.400  86.00  10.80  18.40  13.00  23.80  17.60  27.07  0.0000
16-DEC-1977 00 /  924:  106.2  2.400  87.60  11.70  18.80  13.00  24.70  17.60  21.96  0.0000
16-JAN-1978 00 /  925:   60.4  2.700  82.80  12.80  18.90  12.50  25.30  17.10  16.27  0.0000
15-FEB-1978 00 /  926:  132.0  2.900  78.10  12.90  19.60  13.20  26.10  18.00  21.47  0.0000
16-MAR-1978 00 /  927:  172.2  2.400  91.60  11.20  18.80  13.20  24.40  18.20  25.60  0.0000
16-APR-1978 00 /  928:  151.0  2.300  91.70  10.80  19.20  13.80  24.60  18.50  24.15  0.0000
16-MAY-1978 00 /  929:   64.2  2.400  83.20  12.20  18.90  12.80  25.00  17.80  15.17  0.0000
16-JUN-1978 00 /  930:   14.0  2.900  67.20  13.40  18.60  11.90  25.30  16.10   4.82  0.0000
16-JUL-1978 00 /  931:    3.7  3.200  65.50  14.40  18.60  11.40  25.80  14.60   3.06  0.0000
16-AUG-1978 00 /  932:   53.0  3.200  75.80  12.90  19.50  13.10  26.00  15.40  10.65  0.0000
16-SEP-1978 00 /  933:   81.7  3.100  76.10  12.40  19.30  13.10  25.50  16.30  12.98  0.0000
16-OCT-1978 00 /  934:  114.0  2.900  78.30  12.40  19.30  13.10  25.50  17.40  20.82  0.0000
16-NOV-1978 00 /  935:  117.7  2.400  87.70  11.00  18.80  13.30  24.30  17.80  22.78  0.0000
16-DEC-1978 00 /  936:  110.5  2.300  90.00  10.90  18.80  13.40  24.30  18.20  22.36  0.0000
16-JAN-1979 00 /  937:  125.4  2.700  83.20  12.90  19.20  12.80  25.70  17.70  22.83  0.0000
15-FEB-1979 00 /  938:  126.7  2.700  82.00  12.00  18.80  12.80  24.80  17.30  20.99  0.0000
16-MAR-1979 00 /  939:   96.0  2.700  86.10  12.50  18.90  12.70  25.20  17.40  19.66  0.0000
16-APR-1979 00 /  940:  154.1  2.400  88.40  11.20  19.00  13.40  24.60  18.30  24.33  0.0000
16-MAY-1979 00 /  941:  108.2  2.300  85.80  11.20  18.80  13.20  24.40  18.10  19.11  0.0000
16-JUN-1979 00 /  942:   22.2  2.800  69.40  12.90  18.20  11.80  24.70  15.90   7.80  0.0000
16-JUL-1979 00 /  943:    3.1  3.200  64.80  14.30  18.60  11.50  25.80  14.60   2.49  0.0000
16-AUG-1979 00 /  944:   24.0  3.300  71.70  13.60  19.70  12.90  26.50  15.50   7.24  0.0000
16-SEP-1979 00 /  945:   29.6  3.400  63.50  13.90  19.10  12.20  26.10  15.70   7.35  0.0000
16-OCT-1979 00 /  946:   74.7  3.000  76.00  12.60  19.10  12.80  25.40  16.90  16.86  0.0000
16-NOV-1979 00 /  947:  112.6  2.500  85.20  11.30  19.00  13.40  24.70  17.90  22.33  0.0000
16-DEC-1979 00 /  948:  115.6  2.400  88.30  11.50  19.10  13.40  24.90  18.00  22.80  0.0000
16-JAN-1980 00 /  949:   60.2  2.600  85.40  12.30  19.10  13.00  25.30  17.70  16.54  0.0000
15-FEB-1980 00 /  950:   81.8  2.900  78.50  12.80  19.60  13.20  26.00  17.50  17.04  0.0000
16-MAR-1980 00 /  951:   94.4  2.700  86.30  12.30  19.30  13.20  25.50  17.90  19.42  0.0000
16-APR-1980 00 /  952:  124.6  2.400  90.70  11.10  19.50  14.00  25.10  18.90  21.97  0.0000
16-MAY-1980 00 /  953:  129.1  2.200  91.10  10.70  18.80  13.50  24.20  18.30  20.92  0.0000
16-JUN-1980 00 /  954:   21.1  2.700  71.60  12.70  18.40  12.10  24.80  16.00   7.49  0.0000
16-JUL-1980 00 /  955:    1.1  3.100  66.20  14.30  18.50  11.40  25.70  14.80   1.09  0.0000
16-AUG-1980 00 /  956:   20.0  3.200  73.80  13.40  19.30  12.60  26.00  15.10   6.35  0.0000
16-SEP-1980 00 /  957:  124.3  3.100  74.10  12.30  19.40  13.30  25.60  16.40  15.66  0.0000
16-OCT-1980 00 /  958:   91.3  3.000  75.70  12.60  19.30  13.00  25.60  17.20  18.68  0.0000
16-NOV-1980 00 /  959:  122.6  2.500  84.80  11.80  18.80  12.90  24.70  17.60  23.45  0.0000
16-DEC-1980 00 /  960:   75.7  2.400  85.90  11.80  18.60  12.70  24.50  17.90  18.83  0.0000
16-JAN-1981 00 /  961:   61.7  2.800  82.80  12.90  19.10  12.70  25.60  16.90  16.64  0.0000
15-FEB-1981 00 /  962:   58.5  2.900  78.20  12.70  19.40  13.10  25.80  17.50  14.26  0.0000
16-MAR-1981 00 /  963:  144.0  2.500  92.80  11.50  19.20  13.50  25.00  18.00  23.39  0.0000
16-APR-1981 00 /  964:  157.6  2.400  88.60  11.10  19.10  13.60  24.70  18.40  24.82  0.0000
16-MAY-1981 00 /  965:   95.2  2.300  87.10  11.10  18.80  13.30  24.40  17.90  17.90  0.0000
16-JUN-1981 00 /  966:   11.6  3.000  64.20  13.70  18.60  11.80  25.50  15.70   5.19  0.0000
16-JUL-1981 00 /  967:    5.5  3.100  70.20  13.70  18.40  11.60  25.30  14.40   4.24  0.0000
16-AUG-1981 00 /  968:   92.0  3.300  74.40  12.90  19.40  13.00  25.90  14.90  13.66  0.0000
16-SEP-1981 00 /  969:   77.1  3.200  72.00  12.80  19.30  12.90  25.70  16.20  12.57  0.0000
16-OCT-1981 00 /  970:   94.5  3.000  74.80  12.80  19.20  12.80  25.60  16.90  19.10  0.0000
16-NOV-1981 00 /  971:   77.7  2.800  79.20  12.60  19.30  13.00  25.60  17.70  18.80  0.0000
16-DEC-1981 00 /  972:   73.2  2.600  82.10  12.50  19.20  13.00  25.50  17.80  18.60  0.0000
16-JAN-1982 00 /  973:   63.0  2.600  86.60  12.60  19.30  13.00  25.60  17.60  16.21  0.0000
15-FEB-1982 00 /  974:   43.9  2.900  78.10  13.00  19.40  12.90  25.90  17.40  12.65  0.0000
16-MAR-1982 00 /  975:   68.9  2.800  83.80  13.10  19.80  13.30  26.40  18.00  16.79  0.0000
16-APR-1982 00 /  976:  171.6  2.400  88.00  11.30  19.20  13.60  24.90  18.30  25.65  0.0000
16-MAY-1982 00 /  977:  111.0  2.300  87.80  11.00  19.00  13.50  24.50  18.40  19.50  0.0000
16-JUN-1982 00 /  978:   16.1  2.800  68.10  13.00  18.80  12.30  25.30  16.70   6.52  0.0000
16-JUL-1982 00 /  979:    2.1  3.200  66.30  14.40  18.80  11.60  26.00  15.10   3.97  0.0000
16-AUG-1982 00 /  980:    5.4  3.300  71.30  13.70  19.40  12.60  26.30  15.40   2.59  0.0000
16-SEP-1982 00 /  981:   80.1  3.200  69.90  13.30  19.50  12.90  26.20  16.70  12.49  0.0000
16-OCT-1982 00 /  982:  111.4  2.800  80.10  11.90  18.90  13.00  24.90  17.30  20.70  0.0000
16-NOV-1982 00 /  983:  152.9  2.400  86.90  10.90  18.70  13.30  24.20  18.40  25.80  0.0000
16-DEC-1982 00 /  984:   92.3  2.400  85.40  12.20  19.00  12.90  25.10  18.20  20.06  0.0000
16-JAN-1983 00 /  985:   28.5  2.600  84.70  12.90  19.00  12.60  25.50  17.70   9.22  0.0000
15-FEB-1983 00 /  986:   77.2  3.000  76.90  13.50  19.80  13.10  26.60  18.00  16.65  0.0000
16-MAR-1983 00 /  987:   83.7  2.700  87.40  12.30  20.20  14.10  26.40  18.60  18.39  0.0000
16-APR-1983 00 /  988:  172.8  2.400  92.00  11.20  19.60  14.00  25.20  18.50  25.76  0.0000
16-MAY-1983 00 /  989:   55.4  2.400  85.70  11.50  19.40  13.70  25.20  18.40  14.14  0.0000
16-JUN-1983 00 /  990:   19.8  2.900  70.80  12.80  19.30  12.90  25.70  16.70   5.62  0.0000
16-JUL-1983 00 /  991:    9.3  3.100  68.30  13.60  19.00  12.20  25.80  15.50   6.64  0.0000
16-AUG-1983 00 /  992:   67.1  3.100  78.30  12.30  19.70  13.60  25.90  15.80  11.81  0.0000
16-SEP-1983 00 /  993:   87.2  3.100  71.90  13.10  19.30  12.80  25.90  16.70  13.33  0.0000
16-OCT-1983 00 /  994:  128.0  2.700  84.60  11.50  19.30  13.60  25.10  17.80  21.38  0.0000
16-NOV-1983 00 /  995:  122.8  2.600  84.70  12.10  19.20  13.20  25.30  18.20  22.93  0.0000
16-DEC-1983 00 /  996:   97.4  2.400  85.60  12.30  18.60  12.50  24.80  18.00  21.10  0.0000
16-JAN-1984 00 /  997:   49.5  2.500  83.80  12.40  18.40  12.20  24.60  17.80  14.67  0.0000
15-FEB-1984 00 /  998:   67.9  2.900  78.10  13.10  19.30  12.80  25.90  18.00  15.89  0.0000
16-MAR-1984 00 /  999:  112.4  2.800  83.20  12.90  19.50  13.10  26.00  17.90  20.76  0.0000
16-APR-1984 00 / 1000:  134.2  2.400  86.80  11.70  18.90  13.10  24.80  18.20  22.97  0.0000
16-MAY-1984 00 / 1001:   27.3  2.600  76.30  12.60  19.20  12.90  25.50  17.80   9.87  0.0000
16-JUN-1984 00 / 1002:    1.8  2.900  64.00  13.60  18.70  11.90  25.50  16.30   0.98  0.0000
16-JUL-1984 00 / 1003:   31.6  3.100  66.10  13.60  19.00  12.20  25.80  15.30  14.35  0.0000
16-AUG-1984 00 / 1004:   46.4  3.300  70.90  13.40  19.30  12.60  26.00  15.20   9.71  0.0000
16-SEP-1984 00 / 1005:   52.4  3.400  64.90  14.10  19.40  12.40  26.50  16.10  10.21  0.0000
16-OCT-1984 00 / 1006:  116.5  3.100  70.30  13.20  19.20  12.60  25.80  17.10  20.94  0.0000
16-NOV-1984 00 / 1007:  130.7  2.600  81.90  11.70  18.70  12.90  24.60  17.80  24.12  0.0000
16-DEC-1984 00 / 1008:   75.5  2.600  80.50  12.40  18.90  12.70  25.10  18.10  18.40  0.0000
16-JAN-1985 00 / 1009:   64.1  2.800  81.30  13.50  19.50  12.80  26.30  17.90  16.78  0.0000
15-FEB-1985 00 / 1010:   49.1  2.600  82.50  11.70  18.80  13.00  24.70  17.70  13.19  0.0000
16-MAR-1985 00 / 1011:  121.6  2.600  86.50  12.50  19.00  12.80  25.30  17.60  21.90  0.0000
16-APR-1985 00 / 1012:  188.0  2.200  92.10  10.90  18.50  13.10  24.00  18.10  26.64  0.0000
16-MAY-1985 00 / 1013:   59.2  2.400  84.40  12.00  18.70  12.70  24.70  17.80  14.57  0.0000
16-JUN-1985 00 / 1014:    7.7  2.900  66.60  13.30  18.40  11.80  25.10  15.90   3.56  0.0000
16-JUL-1985 00 / 1015:    7.3  3.200  64.40  14.40  18.60  11.40  25.80  14.80   5.07  0.0000
16-AUG-1985 00 / 1016:   15.2  3.300  69.40  14.20  19.40  12.30  26.50  15.30   4.77  0.0000
16-SEP-1985 00 / 1017:  125.6  3.100  72.90  12.70  19.20  12.90  25.60  16.30  15.74  0.0000
16-OCT-1985 00 / 1018:   95.3  2.900  78.10  12.20  19.20  13.10  25.30  17.10  19.11  0.0000
16-NOV-1985 00 / 1019:  131.5  2.600  82.90  11.60  19.00  13.20  24.80  18.00  23.91  0.0000
16-DEC-1985 00 / 1020:   92.9  2.400  87.10  11.80  18.90  13.00  24.80  17.90  19.83  0.0000
16-JAN-1986 00 / 1021:   78.9  2.700  80.70  12.60  19.00  12.70  25.30  17.90  18.50  0.0000
15-FEB-1986 00 / 1022:   88.8  2.800  81.40  12.80  19.40  13.00  25.80  17.40  17.36  0.0000
16-MAR-1986 00 / 1023:  104.0  2.500  89.10  12.10  18.90  12.90  25.00  17.60  20.37  0.0000
16-APR-1986 00 / 1024:  174.8  2.300  90.80  11.00  19.00  13.50  24.50  18.10  25.26  0.0000
16-MAY-1986 00 / 1025:   82.3  2.300  86.70  11.20  19.00  13.40  24.60  18.30  17.03  0.0000
16-JUN-1986 00 / 1026:   18.7  2.900  63.20  13.50  18.30  11.60  25.10  15.80   7.02  0.0000
16-JUL-1986 00 / 1027:    1.7  3.300  64.50  14.90  18.50  11.10  26.00  14.30   1.16  0.0000
16-AUG-1986 00 / 1028:   10.1  3.500  66.30  14.60  19.70  12.40  27.00  15.10   4.13  0.0000
16-SEP-1986 00 / 1029:   53.4  3.200  70.40  13.10  19.30  12.80  25.90  16.30  10.16  0.0000
16-OCT-1986 00 / 1030:  109.9  2.900  80.50  11.80  19.40  13.50  25.30  17.30  20.35  0.0000
16-NOV-1986 00 / 1031:  101.4  2.600  82.90  11.50  19.10  13.40  24.90  17.80  21.29  0.0000
16-DEC-1986 00 / 1032:   96.4  2.400  85.80  11.50  18.80  13.10  24.60  17.90  20.92  0.0000
16-JAN-1987 00 / 1033:   70.9  2.600  83.60  12.30  19.10  13.00  25.30  17.70  17.77  0.0000
15-FEB-1987 00 / 1034:   84.7  2.900  78.50  12.80  19.50  13.10  25.90  17.70  17.57  0.0000
16-MAR-1987 00 / 1035:  106.4  2.700  86.10  12.40  19.50  13.30  25.70  18.10  20.63  0.0000
16-APR-1987 00 / 1036:  115.6  2.500  86.20  11.50  19.60  13.90  25.40  19.00  21.39  0.0000
16-MAY-1987 00 / 1037:  138.8  2.300  87.90  11.30  19.20  13.60  24.90  18.60  21.37  0.0000
16-JUN-1987 00 / 1038:   42.6  2.800  69.30  12.80  18.80  12.40  25.20  16.30  10.77  0.0000
16-JUL-1987 00 / 1039:    6.5  3.400  60.30  14.90  19.30  11.90  26.80  14.80   4.43  0.0000
16-AUG-1987 00 / 1040:   23.5  3.600  63.30  14.70  20.20  12.90  27.60  15.70   6.38  0.0000
16-SEP-1987 00 / 1041:  111.5  3.400  65.40  13.60  20.00  13.20  26.80  16.80  14.83  0.0000
16-OCT-1987 00 / 1042:   94.9  3.100  74.90  12.90  19.80  13.40  26.30  17.50  19.04  0.0000
16-NOV-1987 00 / 1043:  202.6  2.800  78.90  12.60  19.40  13.10  25.70  18.00  28.62  0.0000
16-DEC-1987 00 / 1044:   58.8  2.900  70.70  13.10  19.90  13.40  26.50  18.40  16.55  0.0000
16-JAN-1988 00 / 1045:   77.4  2.700  81.30  12.80  19.50  13.10  25.90  18.60  18.15  0.0000
15-FEB-1988 00 / 1046:   61.0  3.200  72.50  13.80  20.10  13.20  27.00  17.80  14.90  0.0000
16-MAR-1988 00 / 1047:  164.1  2.800  83.40  12.60  19.80  13.50  26.10  18.00  23.97  0.0000
16-APR-1988 00 / 1048:  171.2  2.600  82.50  11.90  19.40  13.50  25.40  18.30  25.79  0.0000
16-MAY-1988 00 / 1049:  103.3  2.600  76.10  12.60  19.10  12.80  25.40  18.20  18.57  0.0000
16-JUN-1988 00 / 1050:   18.9  3.100  58.40  14.20  19.20  12.10  26.30  16.60   4.60  0.0000
16-JUL-1988 00 / 1051:   20.9  3.100  66.70  14.10  18.70  11.70  25.80  14.90  10.40  0.0000
16-AUG-1988 00 / 1052:   86.7  3.300  73.40  13.10  19.70  13.20  26.30  15.30  12.99  0.0000
16-SEP-1988 00 / 1053:  109.6  3.200  70.40  13.20  19.30  12.70  25.90  16.30  14.67  0.0000
16-OCT-1988 00 / 1054:   99.3  3.000  76.30  12.70  19.30  13.00  25.70  17.30  19.26  0.0000
16-NOV-1988 00 / 1055:  116.4  2.600  81.70  12.00  18.80  12.80  24.80  17.60  22.55  0.0000
16-DEC-1988 00 / 1056:   57.7  2.600  80.30  12.60  18.70  12.40  25.00  17.70  16.62  0.0000
16-JAN-1989 00 / 1057:   51.8  2.500  83.80  11.90  18.30  12.40  24.30  17.70  14.85  0.0000
15-FEB-1989 00 / 1058:   46.6  2.700  80.70  12.30  18.60  12.50  24.80  17.30  12.13  0.0000
16-MAR-1989 00 / 1059:   99.1  2.700  85.90  12.10  19.00  13.00  25.10  17.40  19.66  0.0000
16-APR-1989 00 / 1060:  141.5  2.400  85.90  11.60  18.70  12.90  24.50  18.00  23.14  0.0000
16-MAY-1989 00 / 1061:   90.2  2.300  83.40  11.80  18.50  12.60  24.40  17.80  17.67  0.0000
16-JUN-1989 00 / 1062:   31.8  2.900  62.80  13.70  18.40  11.60  25.30  15.90   8.91  0.0000
16-JUL-1989 00 / 1063:    5.7  3.300  64.20  14.60  18.70  11.40  26.00  14.30   5.31  0.0000
16-AUG-1989 00 / 1064:   37.9  3.400  70.50  13.60  19.40  12.60  26.20  14.70   8.94  0.0000
16-SEP-1989 00 / 1065:   98.2  3.300  68.90  13.10  19.30  12.80  25.90  15.70  13.84  0.0000
16-OCT-1989 00 / 1066:  130.6  3.100  75.30  12.70  19.40  13.10  25.80  16.90  21.64  0.0000
16-NOV-1989 00 / 1067:  100.3  2.700  79.20  12.40  19.00  12.80  25.20  17.70  21.48  0.0000
16-DEC-1989 00 / 1068:  100.1  2.300  90.70  11.30  18.90  13.30  24.60  17.90  21.33  0.0000
16-JAN-1990 00 / 1069:   44.5  2.700  80.30  13.40  18.70  12.00  25.40  17.00  14.30  0.0000
15-FEB-1990 00 / 1070:  129.6  2.700  83.00  11.90  19.40  13.50  25.40  17.80  21.28  0.0000
16-MAR-1990 00 / 1071:  111.8  2.500  89.60  11.70  19.30  13.50  25.20  18.20  20.99  0.0000
16-APR-1990 00 / 1072:  134.1  2.400  89.40  11.30  19.50  13.90  25.20  18.90  22.94  0.0000
16-MAY-1990 00 / 1073:   67.0  2.500  81.50  12.20  19.30  13.20  25.40  18.30  15.21  0.0000
16-JUN-1990 00 / 1074:    1.8  3.100  58.30  14.60  19.10  11.80  26.40  16.30   1.10  0.0000
16-JUL-1990 00 / 1075:    0.5  3.400  61.70  15.50  18.90  11.20  26.70  14.70   0.71  0.0000
16-AUG-1990 00 / 1076:   25.3  3.400  69.70  14.00  19.50  12.50  26.50  15.20   6.89  0.0000
16-SEP-1990 00 / 1077:   92.8  3.200  69.40  13.40  19.30  12.60  26.00  16.30  13.49  0.0000
16-OCT-1990 00 / 1078:   94.7  3.000  74.50  13.00  19.30  12.80  25.80  17.10  19.02  0.0000
16-NOV-1990 00 / 1079:  124.9  2.700  78.90  12.40  19.30  13.10  25.50  18.10  23.58  0.0000
16-DEC-1990 00 / 1080:  120.0  2.500  83.10  12.10  19.10  13.10  25.20  18.10  22.90  0.0000
16-JAN-1991 00 / 1081:   72.7  2.600  83.30  13.50  18.70  12.00  25.50  17.60  18.02  0.0000
15-FEB-1991 00 / 1082:   78.0  3.000  77.60  13.60  19.60  12.80  26.40  17.60  16.95  0.0000
16-MAR-1991 00 / 1083:  120.9  2.800  85.40  13.00  20.00  13.50  26.50  17.90  21.81  0.0000
16-APR-1991 00 / 1084:  145.3  2.600  83.50  12.10  19.30  13.30  25.40  18.10  23.73  0.0000
16-MAY-1991 00 / 1085:  131.9  2.400  87.70  11.60  19.70  13.90  25.50  18.50  20.78  0.0000
16-JUN-1991 00 / 1086:   45.8  3.100  63.50  13.80  19.40  12.50  26.30  16.30  11.06  0.0000
16-JUL-1991 00 / 1087:    5.6  3.200  67.00  15.40  18.60  10.90  26.30  15.00   4.74  0.0000
16-AUG-1991 00 / 1088:   13.7  3.400  69.10  14.90  19.20  11.80  26.70  15.10   4.87  0.0000
16-SEP-1991 00 / 1089:   45.8  3.300  66.50  14.70  19.20  11.90  26.60  16.30   8.75  0.0000
16-OCT-1991 00 / 1090:  136.8  2.800  81.30  12.60  19.40  13.10  25.70  17.50  22.56  0.0000
16-NOV-1991 00 / 1091:   83.1  2.600  82.10  13.20  18.90  12.30  25.50  17.70  19.47  0.0000
16-DEC-1991 00 / 1092:   72.1  2.600  80.00  12.70  18.80  12.50  25.20  17.90  17.55  0.0000
16-JAN-1992 00 / 1093:   41.8  2.900  76.80  14.30  19.00  11.90  26.20  17.20  13.56  0.0000
15-FEB-1992 00 / 1094:   38.2  2.800  83.10  13.20  19.50  12.90  26.10  17.80  11.68  0.0000
16-MAR-1992 00 / 1095:  111.0  2.900  81.30  13.30  19.60  13.00  26.30  17.80  20.84  0.0000
16-APR-1992 00 / 1096:  123.2  2.500  87.90  11.10  19.70  14.20  25.30  18.80  22.10  0.0000
16-MAY-1992 00 / 1097:   74.5  2.400  85.90  11.70  19.30  13.50  25.20  18.30  15.95  0.0000
16-JUN-1992 00 / 1098:   53.2  2.800  73.30  12.50  19.00  12.80  25.30  16.50  11.20  0.0000
16-JUL-1992 00 / 1099:    2.9  3.100  67.60  14.40  18.70  11.50  25.90  14.80   2.70  0.0000
16-AUG-1992 00 / 1100:   14.7  3.100  78.00  13.40  19.30  12.60  26.00  15.20   4.61  0.0000
16-SEP-1992 00 / 1101:  122.5  3.100  76.90  13.10  19.30  12.80  25.90  16.40  15.51  0.0000
16-OCT-1992 00 / 1102:  143.5  2.700  87.30  12.70  19.30  13.00  25.70  17.10  22.98  0.0000
16-NOV-1992 00 / 1103:   97.7  2.600  79.40  11.70  18.80  13.00  24.70  17.70  20.85  0.0000
16-DEC-1992 00 / 1104:  103.3  2.500  81.80  12.50  18.80  12.60  25.10  17.80  21.71  0.0000
16-JAN-1993 00 / 1105:   90.4  2.600  80.50  12.60  18.40  12.10  24.70  17.50  19.78  0.0000
15-FEB-1993 00 / 1106:   61.6  2.800  77.70  12.30  18.90  12.80  25.10  17.50  15.12  0.0000
16-MAR-1993 00 / 1107:  127.1  2.700  84.20  12.90  18.90  12.50  25.40  17.60  22.23  0.0000
16-APR-1993 00 / 1108:  113.7  2.700  79.40  12.90  19.10  12.70  25.60  18.00  21.41  0.0000
16-MAY-1993 00 / 1109:  144.1  2.400  83.40  12.10  18.90  12.90  25.00  18.10  22.08  0.0000
16-JUN-1993 00 / 1110:   30.2  2.900  69.80  13.80  19.50  12.60  26.40  16.80   7.75  0.0000
16-JUL-1993 00 / 1111:    0.0  3.200  65.00  15.20  18.90  11.30  26.50  15.20   0.09  0.0000
16-AUG-1993 00 / 1112:   53.9  3.400  71.80  14.50  20.00  12.80  27.30  15.60  10.47  0.0000
16-SEP-1993 00 / 1113:   28.4  3.200  69.30  13.40  19.10  12.40  25.80  16.50   7.71  0.0000
16-OCT-1993 00 / 1114:   72.1  3.000  74.20  13.30  19.00  12.40  25.70  16.90  16.66  0.0000
16-NOV-1993 00 / 1115:  103.2  3.000  78.30  12.60  20.30  14.00  26.60  17.30  21.43  0.0000
16-DEC-1993 00 / 1116:   95.8  2.600  81.90  11.90  19.00  13.10  25.00  17.70  20.80  0.0000
16-JAN-1994 00 / 1117:   95.9  2.600  79.50  13.00  18.20  11.70  24.70  17.20  20.13  0.0000
15-FEB-1994 00 / 1118:   55.4  2.900  79.00  12.60  19.30  13.00  25.60  17.60  14.24  0.0000
16-MAR-1994 00 / 1119:  171.9  2.500  92.00  12.90  18.50  12.10  25.00  17.30  25.65  0.0000
16-APR-1994 00 / 1120:  138.3  2.500  85.50  12.80  18.90  12.50  25.30  17.80  23.44  0.0000
16-MAY-1994 00 / 1121:  123.1  2.400  87.20  12.20  19.60  13.50  25.70  18.50  20.34  0.0000
16-JUN-1994 00 / 1122:   18.8  2.900  68.40  13.60  18.80  12.00  25.60  16.40   6.17  0.0000
16-JUL-1994 00 / 1123:    8.1  3.000  69.20  14.80  18.30  10.90  25.70  15.00   4.49  0.0000
16-AUG-1994 00 / 1124:   38.2  3.500  73.00  15.10  20.10  12.60  27.70  15.10   7.68  0.0000
16-SEP-1994 00 / 1125:   73.9  3.400  68.40  14.30  19.90  12.80  27.10  16.30  12.03  0.0000
16-OCT-1994 00 / 1126:  102.2  3.000  74.50  12.40  19.40  13.20  25.60  17.20  19.84  0.0000
16-NOV-1994 00 / 1127:  139.4  2.500  89.30  12.20  19.00  12.90  25.10  17.20  24.84  0.0000
16-DEC-1994 00 / 1128:  103.0  2.500  85.20  12.60  19.10  12.80  25.40  17.80  21.74  0.0000
16-JAN-1995 00 / 1129:   55.8  2.700  80.60  13.40  18.90  12.20  25.60  17.60  15.98  0.0000
15-FEB-1995 00 / 1130:   76.7  2.900  77.50  13.10  19.40  12.90  26.00  17.80  16.70  0.0000
16-MAR-1995 00 / 1131:  112.6  2.700  88.90  13.30  19.60  13.00  26.30  18.00  21.12  0.0000
16-APR-1995 00 / 1132:  165.4  2.600  83.80  12.60  19.50  13.20  25.80  18.30  25.28  0.0000
16-MAY-1995 00 / 1133:  122.1  2.400  85.90  12.00  19.20  13.20  25.20  18.40  20.26  0.0000
16-JUN-1995 00 / 1134:   70.9  2.800  77.10  13.20  19.50  12.90  26.10  16.40  13.30  0.0000
16-JUL-1995 00 / 1135:    3.5  3.100  71.70  14.40  18.90  11.70  26.10  15.00   2.83  0.0000
16-AUG-1995 00 / 1136:    4.3  3.500  72.40  13.20  20.60  14.00  27.20  15.40   2.35  0.0000
16-SEP-1995 00 / 1137:   85.4  3.200  77.50  13.50  19.70  13.00  26.50  16.10  13.01  0.0000
16-OCT-1995 00 / 1138:  127.6  3.100  78.70  13.20  19.90  13.30  26.50  17.20  21.66  0.0000
16-NOV-1995 00 / 1139:  121.1  2.700  84.80  13.40  19.70  13.00  26.40  17.60  23.24  0.0000
16-DEC-1995 00 / 1140:   74.5  2.700  81.90  12.70  19.30  13.00  25.70  17.50  18.83  0.0000
16-JAN-1996 00 / 1141:   80.1  2.800  83.80  13.50  19.40  12.70  26.20  17.40  18.58  0.0000
15-FEB-1996 00 / 1142:  100.1  2.900  80.00  13.50  19.70  13.00  26.50  17.60  18.56  0.0000
16-MAR-1996 00 / 1143:  115.6  2.700  84.30  12.90  19.30  12.90  25.80  17.90  21.38  0.0000
16-APR-1996 00 / 1144:  115.6  2.400  89.90  12.30  18.80  12.70  25.00  18.20  21.53  0.0000
16-MAY-1996 00 / 1145:   45.5  2.600  79.90  14.00  19.00  12.00  26.00  17.70  12.58  0.0000
16-JUN-1996 00 / 1146:   37.4  2.900  72.80  14.40  18.90  11.70  26.10  16.10   7.80  0.0000
16-JUL-1996 00 / 1147:   18.1  3.200  73.40  15.50  19.00  11.30  26.80  14.40   8.74  0.0000
16-AUG-1996 00 / 1148:   70.5  3.500  68.80  15.90  19.50  11.60  27.50  14.60  12.01  0.0000
16-SEP-1996 00 / 1149:  104.2  3.200  71.40  14.40  19.20  12.00  26.40  16.00  14.52  0.0000
16-OCT-1996 00 / 1150:   96.7  3.000  77.50  12.20  19.30  13.20  25.40  16.90  19.21  0.0000
16-NOV-1996 00 / 1151:  125.3  2.700  83.80  12.50  19.70  13.50  26.00  17.80  23.29  0.0000
16-DEC-1996 00 / 1152:   81.6  2.600  80.40  13.00  19.20  12.70  25.70  18.00  19.26  0.0000
16-JAN-1997 00 / 1153:  117.3  2.700  83.80  13.00  19.60  13.10  26.10  18.00  21.58  0.0000
15-FEB-1997 00 / 1154:   14.0  2.900  80.00  12.50  19.70  13.50  26.00  18.20   5.58  0.0000
16-MAR-1997 00 / 1155:   79.7  2.800  81.30  13.10  19.40  12.90  26.00  17.90  17.79  0.0000
16-APR-1997 00 / 1156:  171.9  2.300  88.80  11.30  19.30  13.70  25.00  19.20  25.81  0.0000
16-MAY-1997 00 / 1157:  120.2  2.200  96.90  11.40  19.50  13.80  25.20  18.60  20.03  0.0000
16-JUN-1997 00 / 1158:   31.3  3.000  65.90  13.80  19.60  12.70  26.50  16.90   8.42  0.0000
16-JUL-1997 00 / 1159:    9.3  3.200  69.40  15.00  19.10  11.60  26.60  15.20   5.71  0.0000
16-AUG-1997 00 / 1160:   24.1  3.400  67.00  15.60  18.60  10.80  26.40  14.50   7.50  0.0000
16-SEP-1997 00 / 1161:   23.8  3.600  62.90  13.20  20.00  13.40  26.60  15.90   7.43  0.0000
16-OCT-1997 00 / 1162:  127.4  3.000  78.40  12.00  20.00  14.00  26.00  17.60  21.65  0.0000
16-NOV-1997 00 / 1163:  141.6  2.600  83.80  12.70  19.40  13.10  25.80  18.30  24.82  0.0000
16-DEC-1997 00 / 1164:  143.6  2.300  93.90  12.70  19.20  12.90  25.60  18.20  24.75  0.0000
16-JAN-1998 00 / 1165:  138.2  2.600  83.80  13.50  19.00  12.30  25.80  17.80  23.94  0.0000
15-FEB-1998 00 / 1166:  106.4  2.900  80.00  13.70  20.10  13.30  27.00  18.40  19.30  0.0000
16-MAR-1998 00 / 1167:  134.6  2.800  80.50  12.60  19.70  13.40  26.00  18.30  22.87  0.0000
16-APR-1998 00 / 1168:  101.9  2.300  90.30  11.00  19.00  13.50  24.50  18.50  20.32  0.0000
16-MAY-1998 00 / 1169:  129.5  2.300  87.60  11.10  19.10  13.60  24.70  18.00  20.69  0.0000
16-JUN-1998 00 / 1170:   20.3  3.200  53.50  13.50  19.00  12.30  25.80  16.10   7.67  0.0000
16-JUL-1998 00 / 1171:    6.6  3.300  68.50  15.20  19.20  11.60  26.80  14.70   5.71  0.0000
16-AUG-1998 00 / 1172:   30.9  3.400  66.60  13.40  19.70  13.00  26.40  15.30   6.79  0.0000
16-SEP-1998 00 / 1173:   74.5  3.300  72.90  14.30  19.80  12.70  27.00  16.50  11.25  0.0000
16-OCT-1998 00 / 1174:  133.2  3.000  77.50  13.40  19.50  12.80  26.20  17.30  22.40  0.0000
16-NOV-1998 00 / 1175:   85.2  2.700  83.80  12.20  19.80  13.70  25.90  17.80  19.64  0.0000
16-DEC-1998 00 / 1176:   58.6  2.500  85.10  12.80  19.20  12.80  25.60  17.80  16.50  0.0000
16-JAN-1999 00 / 1177:   92.6  2.700  83.80  13.20  19.30  12.70  25.90  17.80  19.90  0.0000
15-FEB-1999 00 / 1178:   20.3  3.000  80.00  12.50  20.40  14.20  26.70  17.80   7.75  0.0000
16-MAR-1999 00 / 1179:  130.6  2.400  95.40  12.10  19.40  13.40  25.50  18.50  22.09  0.0000
16-APR-1999 00 / 1180:   71.5  2.500  88.80  12.70  19.40  13.10  25.80  18.60  16.88  0.0000
16-MAY-1999 00 / 1181:   46.2  2.700  76.50  12.80  19.50  13.10  25.90  17.90  12.91  0.0000
16-JUN-1999 00 / 1182:    1.3  3.200  55.20  14.80  19.30  11.90  26.70  16.30   0.74  0.0000
16-JUL-1999 00 / 1183:    0.4  3.400  59.70  15.80  18.90  11.00  26.80  14.70   0.77  0.0000
16-AUG-1999 00 / 1184:   73.4  3.100  86.30  14.00  20.00  13.00  27.00  15.20  12.46  0.0000
16-SEP-1999 00 / 1185:   72.3  3.300  69.30  13.60  19.70  12.90  26.50  16.60  12.25  0.0000
16-OCT-1999 00 / 1186:   97.9  3.200  68.90  13.40  19.10  12.40  25.80  16.90  19.30  0.0000
16-NOV-1999 00 / 1187:  132.4  2.600  83.80  12.00  19.00  13.00  25.00  17.70  24.12  0.0000
16-DEC-1999 00 / 1188:   92.2  2.500  87.00  11.90  19.60  13.70  25.60  18.10  20.58  0.0000
16-JAN-2000 00 / 1189:   58.0  2.700  83.80  13.50  19.00  12.30  25.80  17.40  15.96  0.0000
15-FEB-2000 00 / 1190:   52.3  3.000  80.60  13.70  19.80  13.00  26.70  17.40  13.82  0.0000
16-MAR-2000 00 / 1191:  119.2  2.700  87.00  12.30  19.70  13.60  25.90  18.00  21.31  0.0000
16-APR-2000 00 / 1192:  116.3  2.600  91.00  12.70  20.10  13.80  26.50  18.40  21.42  0.0000
16-MAY-2000 00 / 1193:   78.3  2.700  83.90  13.30  20.50  13.90  27.20  18.50  16.10  0.0000
16-JUN-2000 00 / 1194:    6.9  3.000  61.00  13.90  18.90  12.00  25.90  16.90   3.48  0.0000
16-JUL-2000 00 / 1195:    2.9  3.600  43.70  14.20  19.20  12.10  26.30  15.30   2.62  0.0000
16-AUG-2000 00 / 1196:   15.7  3.600  70.50  14.60  20.90  13.60  28.20  15.80   4.50  0.0000
16-SEP-2000 00 / 1197:   56.9  3.200  71.90  12.90  19.40  13.00  25.90  16.60  10.17  0.0000
16-OCT-2000 00 / 1198:  123.4  3.000  78.40  13.40  19.70  13.00  26.40  17.10  21.26  0.0000
16-NOV-2000 00 / 1199:  135.9  2.700  83.80  11.70  19.90  14.10  25.80  17.90  24.66  0.0000
16-DEC-2000 00 / 1200:  115.2  2.400  85.00  11.50  18.60  12.90  24.40  17.60  22.49  0.0000
16-JAN-2001 00 / 1201:  143.7  2.700  83.80  11.60  19.60  13.80  25.40  17.50  23.82  0.0000
15-FEB-2001 00 / 1202:   68.0  3.100  80.00  12.30  20.80  14.70  27.00  18.00  15.71  0.0000
16-MAR-2001 00 / 1203:  142.3  2.900  84.90  12.10  20.20  14.20  26.30  17.90  23.25  0.0000
16-APR-2001 00 / 1204:   90.4  2.600  88.80  12.10  20.10  14.10  26.20  18.50  17.62  0.0000
16-MAY-2001 00 / 1205:   60.8  2.600  83.30  11.60  20.10  14.30  25.90  18.20  14.38  0.0000
16-JUN-2001 00 / 1206:    5.9  3.000  61.90  13.30  18.80  12.20  25.50  16.50   2.65  0.0000
16-JUL-2001 00 / 1207:   37.7  3.100  72.50  14.10  19.10  12.10  26.20  15.00  15.03  0.0000
16-AUG-2001 00 / 1208:   56.5  3.500  72.50  14.10  20.50  13.50  27.60  15.40  11.52  0.0000
16-SEP-2001 00 / 1209:  117.1  3.300  74.40  13.10  20.20  13.70  26.80  16.50  15.77  0.0000
16-OCT-2001 00 / 1210:  119.7  3.100  77.50  12.70  20.30  14.00  26.70  17.40  21.26  0.0000
16-NOV-2001 00 / 1211:  178.8  2.700  83.80  12.20  19.80  13.70  25.90  18.00  27.01  0.0000
16-DEC-2001 00 / 1212:   95.4  2.400  89.80  12.30  19.10  13.00  25.30  18.00  21.06  0.0000
16-JAN-2002 00 / 1213:  129.5  2.600  83.80  11.80  19.50  13.60  25.40  18.10  23.07  0.0000
15-FEB-2002 00 / 1214:   87.3  3.100  80.00  12.80  20.60  14.20  27.00  17.80  17.08  0.0000
16-MAR-2002 00 / 1215:  121.5  2.800  84.50  11.80  20.20  14.30  26.10  18.20  21.08  0.0000
16-APR-2002 00 / 1216:  126.5  2.500  92.10  11.10  20.40  14.90  26.00  18.80  21.97  0.0000
16-MAY-2002 00 / 1217:  115.3  2.500  82.20  11.70  19.80  14.00  25.70  18.50  19.16  0.0000
16-JUN-2002 00 / 1218:    2.6  3.100  67.50  14.30  19.60  12.50  26.80  16.00   1.54  0.0000
16-JUL-2002 00 / 1219:    0.4  3.400  66.30  14.90  19.70  12.30  27.20  14.70   0.66  0.0000
16-AUG-2002 00 / 1220:    9.9  3.600  72.50  14.00  20.90  13.90  27.90  15.50   2.83  0.0000
16-SEP-2002 00 / 1221:   28.1  3.500  71.30  13.70  20.80  14.00  27.70  16.60   7.22  0.0000
16-OCT-2002 00 / 1222:   90.2  3.100  77.50  12.20  20.10  14.00  26.20  17.50  18.73  0.0000
16-NOV-2002 00 / 1223:  129.7  2.700  83.80  11.40  19.90  14.20  25.60  17.90  24.05  0.0000
16-DEC-2002 00 / 1224:  129.1  2.600  85.00  11.40  20.00  14.30  25.70  18.20  24.08  0.0000
16-JAN-2003 00 / 1225:   73.4  2.800  81.70  12.70  19.80  13.50  26.20  17.50  17.20  0.0000
15-FEB-2003 00 / 1226:   55.4  3.300  75.00  13.60  21.10  14.30  27.90  17.80  13.76  0.0000
16-MAR-2003 00 / 1227:  125.9  3.000  83.10  12.80  20.70  14.30  27.10  18.10  22.53  0.0000
16-APR-2003 00 / 1228:  142.8  2.700  85.20  11.70  20.50  14.70  26.40  18.60  24.05  0.0000
16-MAY-2003 00 / 1229:  123.4  2.500  84.10  11.10  20.30  14.80  25.90  19.10  19.91  0.0000
16-JUN-2003 00 / 1230:    8.1  3.000  65.60  13.00  19.70  13.20  26.20  16.80   2.55  0.0000
16-JUL-2003 00 / 1231:    3.1  3.300  63.60  14.50  19.40  12.20  26.70  15.20   2.19  0.0000
16-AUG-2003 00 / 1232:   45.7  3.500  67.70  14.60  20.10  12.80  27.40  15.30  10.27  0.0000
16-SEP-2003 00 / 1233:  106.0  3.400  70.70  12.90  20.30  13.90  26.80  16.70  13.34  0.0000
16-OCT-2003 00 / 1234:  124.2  3.100  74.80  12.90  20.00  13.60  26.50  17.40  20.24  0.0000
16-NOV-2003 00 / 1235:   87.9  2.900  78.90  12.70  19.80  13.50  26.20  17.80  20.05  0.0000
16-DEC-2003 00 / 1236:   74.0  2.800  80.00  12.80  20.30  13.90  26.70  18.10  18.85  0.0000
16-JAN-2004 00 / 1237:   92.0  2.900  81.00  12.90  20.20  13.80  26.70  18.00  19.31  0.0000
15-FEB-2004 00 / 1238:   49.5  3.000  79.70  12.20  20.40  14.30  26.50  18.30  13.23  0.0000
16-MAR-2004 00 / 1239:   58.3  2.700  86.30  11.90  20.10  14.20  26.10  18.40  14.93  0.0000
16-APR-2004 00 / 1240:   72.4  2.400  88.30  11.00  19.40  13.90  24.90  18.80  16.84  0.0000
16-MAY-2004 00 / 1241:   33.1  2.600  82.90  12.10  20.10  14.10  26.20  18.30  10.36  0.0000
16-JUN-2004 00 / 1242:    4.4  3.100  60.10  13.90  19.30  12.40  26.30  16.70   2.29  0.0000
16-JUL-2004 00 / 1243:    2.6  3.500  60.70  15.20  19.70  12.10  27.30  15.10   2.97  0.0000
16-AUG-2004 00 / 1244:   38.0  3.600  68.60  14.20  20.50  13.40  27.60  15.50   8.10  0.0000
16-SEP-2004 00 / 1245:   88.0  3.200  71.10  12.70  19.60  13.30  26.00  16.90  13.00  0.0000
16-OCT-2004 00 / 1246:   72.4  3.000  75.70  12.50  19.60  13.40  25.90  17.70  17.10  0.0000
16-NOV-2004 00 / 1247:  101.9  2.500  84.60  11.20  19.30  13.70  24.90  18.30  21.41  0.0000
16-DEC-2004 00 / 1248:   99.3  2.400  86.00  11.40  19.10  13.40  24.80  18.70  21.66  0.0000
16-JAN-2005 00 / 1249:  120.8  2.500  82.50  12.40  18.70  12.50  24.90  18.00  22.34  0.0000
15-FEB-2005 00 / 1250:   59.1  3.200  76.00  13.20  20.80  14.20  27.40  17.60  14.53  0.0000
16-MAR-2005 00 / 1251:  130.5  2.800  84.90  12.20  20.40  14.30  26.50  18.30  22.79  0.0000
16-APR-2005 00 / 1252:   51.9  2.600  87.90  11.30  20.20  14.60  25.90  18.80  15.16  0.0000
16-MAY-2005 00 / 1253:   76.2  2.400  83.10  11.40  19.20  13.50  24.90  18.80  16.37  0.0000
16-JUN-2005 00 / 1254:    8.3  3.000  64.80  13.10  19.40  12.90  26.00  16.80   4.87  0.0000
16-JUL-2005 00 / 1255:    0.2  3.300  59.50  15.70  18.80  11.00  26.70  15.10   0.80  0.0000
16-AUG-2005 00 / 1256:   49.7  3.400  69.90  13.90  20.00  13.10  27.00  15.60  10.10  0.0000
16-SEP-2005 00 / 1257:  107.0  3.300  72.10  12.50  20.10  13.90  26.40  16.70  14.12  0.0000
16-OCT-2005 00 / 1258:   91.3  3.200  72.20  13.50  19.80  13.10  26.60  17.50  18.75  0.0000
16-NOV-2005 00 / 1259:   53.0  2.900  77.30  12.90  19.90  13.50  26.40  17.70  15.83  0.0000
16-DEC-2005 00 / 1260:   53.0  3.000  79.90  12.90  20.70  14.30  27.20  17.50  15.74  0.0000
16-JAN-2006 00 / 1261:   60.9  3.000  78.70  13.50  19.90  13.20  26.70  17.40  15.88  0.0000
15-FEB-2006 00 / 1262:   89.1  3.300  74.80  13.30  20.70  14.10  27.40  17.50  17.91  0.0000
16-MAR-2006 00 / 1263:  114.3  2.800  85.40  12.00  20.00  14.00  26.00  18.20  21.52  0.0000
16-APR-2006 00 / 1264:  116.2  2.500  88.20  11.00  19.60  14.10  25.10  18.20  21.70  0.0000
16-MAY-2006 00 / 1265:  140.7  2.300  86.10  10.80  18.90  13.50  24.30  18.50  21.99  0.0000
16-JUN-2006 00 / 1266:    7.0  3.100  58.80  14.20  19.10  12.00  26.20  16.30   4.66  0.0000
16-JUL-2006 00 / 1267:   12.0  3.400  62.20  14.60  19.60  12.30  26.90  14.80   4.91  0.0000
16-AUG-2006 00 / 1268:   36.3  3.300  82.90  14.00  20.60  13.60  27.60  15.60   9.93  0.0000
16-SEP-2006 00 / 1269:   72.7  3.300  65.00  14.10  19.10  12.10  26.20  16.40  12.72  0.0000
16-OCT-2006 00 / 1270:   90.8  3.300  71.50  13.80  20.70  13.80  27.60  17.70  18.76  0.0000
16-NOV-2006 00 / 1271:  214.0  2.700  84.70  11.20  19.60  14.00  25.20  17.60  30.00  0.0000
16-DEC-2006 00 / 1272:  151.5  2.200  91.00  10.30  18.60  13.50  23.80  18.10  25.66  0.0000
16-JAN-2007 00 / 1273:   85.5  2.800  82.90  12.20  19.60  13.50  25.70  17.20  18.68  0.0000
15-FEB-2007 00 / 1274:  115.1  3.000  77.60  12.60  20.10  13.80  26.40  17.60  20.01  0.0000
16-MAR-2007 00 / 1275:   71.5  3.000  81.20  13.10  20.00  13.50  26.60  17.70  16.89  0.0000
16-APR-2007 00 / 1276:  129.5  2.700  82.80  12.30  19.80  13.70  26.00  18.00  22.90  0.0000
16-MAY-2007 00 / 1277:  112.8  2.700  81.70  11.90  20.40  14.50  26.40  18.50  19.79  0.0000
16-JUN-2007 00 / 1278:   29.0  2.800  67.20  12.70  18.60  12.30  25.00  16.50   8.31  0.0000
16-JUL-2007 00 / 1279:   46.9  2.800  82.90  14.10  18.30  11.30  25.40  14.80  14.40  0.0000
16-AUG-2007 00 / 1280:   31.1  3.400  68.80  14.10  19.80  12.80  26.90  15.30   7.83  0.0000
16-SEP-2007 00 / 1281:  161.7  3.300  68.90  13.20  19.90  13.30  26.50  16.70  17.29  0.0000
16-OCT-2007 00 / 1282:   90.3  3.200  72.20  13.60  19.90  13.10  26.70  17.40  18.77  0.0000
16-NOV-2007 00 / 1283:  125.7  2.600  79.20  12.30  18.90  12.80  25.10  18.50  23.53  0.0000
16-DEC-2007 00 / 1284:   99.0  2.700  83.10  11.90  19.80  13.90  25.80  18.10  20.93  0.0000
16-JAN-2008 00 / 1285:   75.2  2.900  80.60  12.90  19.80  13.40  26.30  17.50  17.74  0.0000
15-FEB-2008 00 / 1286:   79.7  3.100  76.00  12.80  20.00  13.60  26.40  17.40  16.34  0.0000
16-MAR-2008 00 / 1287:  117.3  2.800  86.00  11.80  19.60  13.70  25.50  17.40  21.54  0.0000
16-APR-2008 00 / 1288:  122.1  2.600  83.70  12.00  19.20  13.20  25.20  18.00  21.80  0.0000
16-MAY-2008 00 / 1289:   55.4  2.600  78.50  12.60  19.30  13.00  25.60  17.80  13.73  0.0000
16-JUN-2008 00 / 1290:   25.8  2.900  64.80  13.10  18.80  12.30  25.40  16.10   8.08  0.0000
16-JUL-2008 00 / 1291:    4.0  3.500  59.30  15.30  19.30  11.70  27.00  14.60   7.13  0.0000
16-AUG-2008 00 / 1292:   10.0  3.600  67.20  14.50  20.50  13.30  27.80  15.50   4.57  0.0000
16-SEP-2008 00 / 1293:  120.4  3.500  69.50  13.20  20.80  14.20  27.40  16.60  15.17  0.0000
16-OCT-2008 00 / 1294:  119.9  3.000  74.40  12.70  19.30  13.00  25.70  17.50  20.88  0.0000
16-NOV-2008 00 / 1295:  121.5  2.700  80.10  12.20  19.50  13.40  25.60  18.20  23.23  0.0000
16-DEC-2008 00 / 1296:   71.5  2.500  82.90  12.10  18.90  12.90  25.00  17.90  17.76  0.0000
16-JAN-2009 00 / 1297:   87.6  2.900  81.20  12.80  19.90  13.50  26.30  17.50  18.66  0.0000
15-FEB-2009 00 / 1298:  102.4  3.100  76.80  12.80  20.00  13.60  26.40  17.50  19.11  0.0000
16-MAR-2009 00 / 1299:  112.7  2.900  84.20  12.30  20.30  14.20  26.50  17.90  20.97  0.0000
16-APR-2009 00 / 1300:  147.7  2.600  86.20  11.50  19.70  14.00  25.50  18.40  23.90  0.0000
16-MAY-2009 00 / 1301:   84.8  2.600  83.70  11.50  20.00  14.30  25.80  18.20  17.05  0.0000
16-JUN-2009 00 / 1302:   24.4  3.100  62.20  13.60  19.60  12.80  26.40  16.70   6.38  0.0000
16-JUL-2009 00 / 1303:    5.9  3.500  61.70  14.70  19.90  12.60  27.30  15.10   3.33  0.0000
16-AUG-2009 00 / 1304:   22.8  3.700  67.40  14.40  20.90  13.70  28.10  15.50   5.37  0.0000
16-SEP-2009 00 / 1305:  103.0  3.500  68.10  13.40  20.60  13.90  27.30  16.60  14.11  0.0000
16-OCT-2009 00 / 1306:  132.8  3.100  75.00  12.50  20.00  13.80  26.30  17.60  21.62  0.0000
16-NOV-2009 00 / 1307:  115.1  2.800  81.00  12.20  19.70  13.60  25.80  17.20  22.84  0.0000
16-DEC-2009 00 / 1308:   93.7  2.800  82.90  12.00  20.50  14.50  26.50  18.20  20.42  0.0000
16-JAN-2010 00 / 1309:  112.1  2.800  80.20  13.00  19.60  13.10  26.10  17.70  21.57  0.0000
15-FEB-2010 00 / 1310:  205.0  2.900  77.60  12.60  19.40  13.10  25.70  17.90  17.83  0.0000
16-MAR-2010 00 / 1311:  139.7  2.900  84.90  12.10  20.40  14.40  26.50  17.90  23.37  0.0000
16-APR-2010 00 / 1312:  122.4  2.800  82.50  12.30  20.40  14.30  26.60  18.50  21.86  0.0000
16-MAY-2010 00 / 1313:  111.4  2.600  81.80  11.80  20.00  14.10  25.90  18.40  19.35  0.0000
16-JUN-2010 00 / 1314:   45.6  3.100  62.70  13.50  19.50  12.80  26.30  16.60  10.09  0.0000
16-JUL-2010 00 / 1315:    6.8  3.400  60.40  15.00  19.20  11.70  26.70  15.10   7.58  0.0000
16-AUG-2010 00 / 1316:   25.5  3.600  66.10  14.80  20.40  13.00  27.80  15.30   6.51  0.0000
16-SEP-2010 00 / 1317:   74.4  3.400  67.80  13.50  20.20  13.50  27.00  16.60  12.66  0.0000
16-OCT-2010 00 / 1318:  104.0  3.300  72.80  13.30  20.40  13.80  27.10  17.50  20.10  0.0000
16-NOV-2010 00 / 1319:  105.0  2.800  80.30  12.30  19.90  13.80  26.10  17.90  21.48  0.0000
16-DEC-2010 00 / 1320:   74.6  2.800  79.90  12.70  20.20  13.90  26.60  17.90  18.30  0.0000
