
YEAR         X      XX         PRED   PETD   CLDD   DTRD   TMPD   TMND   TMXD   VAPD   WETD    FRSD
16-JAN-1960 00 /  709:    0.0  4.100  46.30  17.40  22.60  13.90  31.30   9.80   0.00  0.0000
15-FEB-1960 00 /  710:    0.7  4.600  48.80  16.70  23.90  15.60  32.30   9.20   0.00  0.0000
16-MAR-1960 00 /  711:   21.7  4.700  60.00  15.00  26.20  18.70  33.70  13.80   4.32  0.0000
16-APR-1960 00 /  712:  149.9  4.200  67.50  12.30  26.20  20.10  32.40  19.50  13.61  0.0000
16-MAY-1960 00 /  713:  176.9  3.500  71.30  11.10  24.90  19.40  30.50  22.80  16.71  0.0000
16-JUN-1960 00 /  714:  191.8  3.000  77.30   9.90  23.70  18.80  28.70  22.70  17.71  0.0000
16-JUL-1960 00 /  715:  293.7  2.500  87.50   9.00  22.40  17.90  26.90  22.70  21.38  0.0000
16-AUG-1960 00 /  716:  252.4  2.600  88.80   8.80  23.30  18.90  27.70  23.40  20.05  0.0000
16-SEP-1960 00 /  717:  325.3  2.700  83.80   9.50  23.00  18.30  27.80  23.00  23.34  0.0000
16-OCT-1960 00 /  718:  201.6  3.100  72.50  11.90  23.70  17.80  29.70  21.80  15.84  0.0000
16-NOV-1960 00 /  719:   28.4  3.700  53.80  15.20  23.10  15.50  30.70  15.40   1.32  0.0000
16-DEC-1960 00 /  720:    0.0  4.200  45.00  17.10  23.50  15.00  32.10  11.70   0.00  0.0000
16-JAN-1961 00 /  721:    0.0  4.100  48.90  16.30  22.80  14.70  31.00   9.90   0.00  0.0000
15-FEB-1961 00 /  722:    0.7  4.600  48.70  17.20  23.00  14.40  31.60   8.30   0.00  0.0000
16-MAR-1961 00 /  723:    3.0  4.800  55.60  15.80  26.40  18.50  34.30  13.80   0.73  0.0000
16-APR-1961 00 /  724:   98.2  4.100  68.70  11.80  25.80  19.90  31.70  18.80  10.95  0.0000
16-MAY-1961 00 /  725:  113.6  3.600  69.40  11.80  25.40  19.50  31.30  22.50  13.10  0.0000
16-JUN-1961 00 /  726:  208.4  2.900  78.40   9.70  23.70  18.90  28.60  23.00  18.29  0.0000
16-JUL-1961 00 /  727:  290.1  2.400  88.20   8.50  22.20  18.00  26.50  22.90  21.21  0.0000
16-AUG-1961 00 /  728:  212.3  2.500  86.80   8.80  22.30  17.90  26.70  22.90  18.61  0.0000
16-SEP-1961 00 /  729:  312.8  2.700  82.60   9.70  22.40  17.60  27.30  22.40  23.06  0.0000
16-OCT-1961 00 /  730:  117.1  3.200  69.60  12.60  23.60  17.30  29.90  21.80  11.27  0.0000
16-NOV-1961 00 /  731:    0.3  3.900  45.00  17.00  22.60  14.10  31.10  14.80   0.20  0.0000
16-DEC-1961 00 /  732:    0.0  4.200  34.90  18.90  21.20  11.80  30.70  10.40   0.00  0.0000
16-JAN-1962 00 /  733:    0.0  4.200  38.00  18.40  21.40  12.20  30.60   8.70   0.00  0.0000
15-FEB-1962 00 /  734:    5.1  4.700  47.30  16.90  24.10  15.70  32.60   9.30   0.00  0.0000
16-MAR-1962 00 /  735:   46.7  4.600  62.80  13.70  26.20  19.40  33.10  13.90   5.19  0.0000
16-APR-1962 00 /  736:  109.2  4.000  69.10  11.40  26.10  20.40  31.80  20.30  11.72  0.0000
16-MAY-1962 00 /  737:  170.1  3.500  69.70  11.30  25.00  19.40  30.70  23.10  16.48  0.0000
16-JUN-1962 00 /  738:  242.8  2.900  78.70   9.60  23.30  18.50  28.10  22.50  19.53  0.0000
16-JUL-1962 00 /  739:  198.9  2.600  87.50   9.30  22.80  18.20  27.50  22.40  17.74  0.0000
16-AUG-1962 00 /  740:  273.3  2.600  88.00   8.90  22.50  18.10  27.00  22.40  20.70  0.0000
16-SEP-1962 00 /  741:  321.5  2.700  83.60   9.60  22.70  17.90  27.50  22.80  23.35  0.0000
16-OCT-1962 00 /  742:  151.7  3.100  71.90  11.50  23.70  18.00  29.50  21.80  13.64  0.0000
16-NOV-1962 00 /  743:   54.1  3.500  65.40  13.10  23.50  17.00  30.10  15.60   4.38  0.0000
16-DEC-1962 00 /  744:    0.0  4.000  45.80  16.40  22.80  14.60  31.00  11.70   0.00  0.0000
16-JAN-1963 00 /  745:    0.0  4.500  31.40  19.40  22.50  12.80  32.20   9.10   0.00  0.0000
15-FEB-1963 00 /  746:    8.7  4.700  49.50  16.30  25.20  17.10  33.40   9.90   0.00  0.0000
16-MAR-1963 00 /  747:   31.5  4.700  56.00  14.80  26.00  18.60  33.40  14.10   3.39  0.0000
16-APR-1963 00 /  748:  185.0  4.000  68.20  11.80  26.00  20.10  31.90  20.60  15.25  0.0000
16-MAY-1963 00 /  749:  151.0  3.500  70.60  10.90  25.10  19.70  30.60  23.80  15.76  0.0000
16-JUN-1963 00 /  750:  181.8  3.100  75.60  10.40  24.20  19.00  29.40  23.10  17.08  0.0000
16-JUL-1963 00 /  751:  193.4  2.500  86.90   9.00  22.90  18.40  27.40  23.40  17.52  0.0000
16-AUG-1963 00 /  752:  395.5  2.500  89.50   8.70  23.00  18.70  27.40  23.50  24.42  0.0000
16-SEP-1963 00 /  753:  259.2  2.700  83.80   9.70  23.60  18.80  28.50  23.60  21.17  0.0000
16-OCT-1963 00 /  754:  235.2  3.000  77.00  10.30  24.00  18.90  29.20  22.70  16.92  0.0000
16-NOV-1963 00 /  755:    1.8  3.700  54.40  14.80  23.10  15.70  30.50  15.50   0.52  0.0000
16-DEC-1963 00 /  756:    0.0  4.300  35.30  18.70  22.40  13.10  31.80  11.00   0.00  0.0000
16-JAN-1964 00 /  757:    0.0  4.200  44.10  17.10  22.80  14.30  31.40   9.90   0.00  0.0000
15-FEB-1964 00 /  758:    0.6  4.800  41.50  18.00  23.90  14.90  32.90   9.00   0.00  0.0000
16-MAR-1964 00 /  759:   98.4  4.800  57.20  14.80  26.80  19.40  34.20  14.10   7.71  0.0000
16-APR-1964 00 /  760:  177.0  4.000  72.80  11.30  26.30  20.70  32.00  20.00  14.79  0.0000
16-MAY-1964 00 /  761:  176.8  3.500  73.30  10.80  25.30  19.90  30.70  23.10  16.64  0.0000
16-JUN-1964 00 /  762:  196.9  3.000  76.10  10.30  23.40  18.30  28.60  22.30  17.99  0.0000
16-JUL-1964 00 /  763:  271.3  2.500  88.60   8.50  22.40  18.20  26.70  22.30  20.36  0.0000
16-AUG-1964 00 /  764:  163.6  2.600  87.40   8.70  22.20  17.90  26.60  22.20  16.19  0.0000
16-SEP-1964 00 /  765:  341.8  2.700  81.70   9.40  22.60  17.90  27.30  22.60  23.96  0.0000
16-OCT-1964 00 /  766:  169.0  3.100  70.60  11.60  23.10  17.30  28.90  21.20  14.68  0.0000
16-NOV-1964 00 /  767:   14.0  3.500  59.40  13.80  22.70  15.80  29.60  15.00   1.84  0.0000
16-DEC-1964 00 /  768:    0.0  4.000  45.50  16.50  22.00  13.80  30.30  10.90   0.00  0.0000
16-JAN-1965 00 /  769:    0.0  4.200  45.10  17.00  22.70  14.20  31.20   9.50   0.00  0.0000
15-FEB-1965 00 /  770:    3.6  4.700  48.00  16.70  24.40  16.10  32.80   9.50   0.00  0.0000
16-MAR-1965 00 /  771:   21.0  4.800  55.10  15.50  25.90  18.20  33.70  13.30   2.63  0.0000
16-APR-1965 00 /  772:  147.7  4.100  68.30  11.90  26.00  20.10  32.00  19.90  13.71  0.0000
16-MAY-1965 00 /  773:  136.0  3.500  71.30  12.20  24.80  18.70  30.90  22.50  14.62  0.0000
16-JUN-1965 00 /  774:  216.7  2.900  78.10  10.10  23.40  18.40  28.50  22.60  18.73  0.0000
16-JUL-1965 00 /  775:  288.8  2.500  88.40   8.90  22.90  18.50  27.40  22.60  21.15  0.0000
16-AUG-1965 00 /  776:  302.1  2.600  87.30   8.90  22.70  18.30  27.20  22.90  21.60  0.0000
16-SEP-1965 00 /  777:  239.7  2.700  82.80   9.80  22.80  17.90  27.70  22.70  20.41  0.0000
16-OCT-1965 00 /  778:  125.1  3.200  70.10  12.40  23.90  17.70  30.10  21.40  12.70  0.0000
16-NOV-1965 00 /  779:    0.1  3.800  49.30  16.20  22.90  14.80  31.00  14.90   0.02  0.0000
16-DEC-1965 00 /  780:    0.0  4.200  36.40  18.50  22.00  12.80  31.30  10.60   0.00  0.0000
16-JAN-1966 00 /  781:    0.0  4.300  39.40  18.40  22.80  13.60  32.00   9.30   0.00  0.0000
15-FEB-1966 00 /  782:    0.1  4.700  44.70  17.40  23.70  15.00  32.40   8.90   0.00  0.0000
16-MAR-1966 00 /  783:   18.8  4.800  58.10  15.60  26.30  18.50  34.10  13.70   2.26  0.0000
16-APR-1966 00 /  784:  170.4  4.000  69.10  11.60  25.90  20.10  31.70  19.70  14.50  0.0000
16-MAY-1966 00 /  785:  208.2  3.400  72.50  10.50  24.90  19.70  30.20  22.70  18.06  0.0000
16-JUN-1966 00 /  786:  203.8  3.000  77.00  10.40  23.40  18.20  28.60  22.20  18.14  0.0000
16-JUL-1966 00 /  787:  180.8  2.700  85.70  10.00  23.30  18.30  28.30  22.40  17.05  0.0000
16-AUG-1966 00 /  788:  311.8  2.600  90.00   8.80  22.90  18.50  27.30  22.50  22.15  0.0000
16-SEP-1966 00 /  789:  250.6  2.600  84.90   9.40  22.80  18.10  27.50  22.90  20.81  0.0000
16-OCT-1966 00 /  790:  152.3  3.100  73.30  11.60  23.60  17.80  29.40  21.80  13.79  0.0000
16-NOV-1966 00 /  791:    6.8  3.600  59.90  13.90  23.20  16.30  30.20  15.50   1.09  0.0000
16-DEC-1966 00 /  792:    0.0  4.100  39.80  18.00  21.80  12.80  30.80  10.70   0.00  0.0000
16-JAN-1967 00 /  793:    0.0  4.100  47.60  17.00  21.80  13.30  30.30   9.00   0.00  0.0000
15-FEB-1967 00 /  794:    5.4  4.600  49.90  16.40  24.30  16.10  32.50   9.00   0.00  0.0000
16-MAR-1967 00 /  795:    7.1  4.600  60.80  14.30  25.90  18.80  33.10  13.60   1.35  0.0000
16-APR-1967 00 /  796:  129.9  4.400  61.40  13.10  26.30  19.80  32.90  19.50  12.63  0.0000
16-MAY-1967 00 /  797:  158.5  3.600  69.70  11.60  25.00  19.20  30.80  22.60  16.12  0.0000
16-JUN-1967 00 /  798:  209.8  2.900  77.80   9.80  23.20  18.30  28.10  22.00  18.43  0.0000
16-JUL-1967 00 /  799:  286.5  2.500  89.80   8.30  22.40  18.30  26.60  22.00  21.06  0.0000
16-AUG-1967 00 /  800:  235.7  2.500  90.00   8.10  22.20  18.20  26.30  22.10  19.31  0.0000
16-SEP-1967 00 /  801:  249.7  2.700  84.00   9.40  22.70  18.00  27.40  22.20  20.51  0.0000
16-OCT-1967 00 /  802:  125.6  3.100  72.70  11.70  23.50  17.70  29.40  21.50  12.61  0.0000
16-NOV-1967 00 /  803:    7.6  3.600  55.40  14.90  22.50  15.10  30.00  14.60   1.46  0.0000
16-DEC-1967 00 /  804:    0.0  4.100  44.80  16.90  22.20  13.80  30.70  10.70   0.00  0.0000
16-JAN-1968 00 /  805:    0.0  4.100  48.20  16.70  22.00  13.70  30.40   9.10   0.00  0.0000
15-FEB-1968 00 /  806:    2.3  4.700  47.40  16.90  24.40  16.00  32.90   9.20   0.00  0.0000
16-MAR-1968 00 /  807:   24.7  4.700  58.70  15.00  26.10  18.60  33.60  13.30   3.04  0.0000
16-APR-1968 00 /  808:  108.5  3.900  73.40  11.10  25.90  20.40  31.50  19.90  11.15  0.0000
16-MAY-1968 00 /  809:  181.6  3.500  71.30  11.10  24.70  19.20  30.30  22.40  16.89  0.0000
16-JUN-1968 00 /  810:  189.4  2.900  77.80   9.70  23.20  18.40  28.10  22.20  17.49  0.0000
16-JUL-1968 00 /  811:  245.7  2.600  87.90   8.80  22.70  18.30  27.10  22.00  19.69  0.0000
16-AUG-1968 00 /  812:  308.0  2.700  88.00   8.80  23.10  18.70  27.50  22.20  21.95  0.0000
16-SEP-1968 00 /  813:  293.8  2.700  83.60   9.70  23.00  18.20  27.90  22.70  22.39  0.0000
16-OCT-1968 00 /  814:  117.1  3.200  71.30  11.80  23.90  18.00  29.80  21.70  11.89  0.0000
16-NOV-1968 00 /  815:    7.5  3.600  57.60  14.40  23.10  15.90  30.30  15.00   1.22  0.0000
16-DEC-1968 00 /  816:    0.0  4.000  49.70  16.60  22.60  14.30  30.90  11.30   0.00  0.0000
16-JAN-1969 00 /  817:    0.0  4.200  41.80  17.90  21.90  13.00  30.90   8.70   0.00  0.0000
15-FEB-1969 00 /  818:   12.0  4.900  41.20  18.50  24.90  15.70  34.20   9.10   0.00  0.0000
16-MAR-1969 00 /  819:   84.4  4.600  63.60  14.00  26.60  19.60  33.60  13.80   7.67  0.0000
16-APR-1969 00 /  820:  101.6  4.000  73.90  11.50  27.10  21.40  32.90  21.00  10.54  0.0000
16-MAY-1969 00 /  821:  138.3  3.300  78.10  10.90  25.40  20.00  30.90  23.80  14.95  0.0000
16-JUN-1969 00 /  822:  200.4  2.900  79.10   8.70  24.00  19.70  28.40  23.70  18.09  0.0000
16-JUL-1969 00 /  823:  287.1  2.600  85.40   9.30  23.10  18.50  27.80  23.10  20.94  0.0000
16-AUG-1969 00 /  824:  357.0  2.600  85.50   8.00  23.10  19.10  27.10  23.50  23.24  0.0000
16-SEP-1969 00 /  825:  250.4  2.700  83.80   9.70  23.10  18.30  28.00  23.10  20.86  0.0000
16-OCT-1969 00 /  826:  163.0  3.000  77.80  10.20  23.80  18.70  28.90  21.90  14.43  0.0000
16-NOV-1969 00 /  827:   13.6  3.700  56.50  14.30  23.40  16.30  30.60  15.10   2.36  0.0000
16-DEC-1969 00 /  828:    0.0  4.400  34.40  19.10  23.00  13.50  32.60  10.90   0.00  0.0000
16-JAN-1970 00 /  829:    0.0  4.200  42.70  17.80  22.70  13.80  31.60   9.50   0.00  0.0000
15-FEB-1970 00 /  830:    0.2  4.800  45.10  17.70  24.40  15.60  33.30   9.60   0.00  0.0000
16-MAR-1970 00 /  831:   14.5  5.000  53.10  16.70  26.70  18.40  35.10  13.80   2.23  0.0000
16-APR-1970 00 /  832:  101.3  4.300  65.60  12.30  26.90  20.80  33.10  20.30  10.14  0.0000
16-MAY-1970 00 /  833:  173.1  3.600  71.30  11.30  25.50  19.90  31.20  22.90  16.71  0.0000
16-JUN-1970 00 /  834:  211.5  3.100  76.10  10.70  24.20  18.90  29.60  23.20  18.36  0.0000
16-JUL-1970 00 /  835:  193.9  2.500  88.10   8.70  23.00  18.70  27.40  23.40  17.56  0.0000
16-AUG-1970 00 /  836:  310.8  2.400  91.20   8.10  22.70  18.70  26.80  23.40  22.06  0.0000
16-SEP-1970 00 /  837:  227.6  2.600  84.90   9.60  22.80  18.00  27.60  22.70  20.02  0.0000
16-OCT-1970 00 /  838:   99.8  3.200  71.70  12.30  23.80  17.70  30.00  21.70  11.17  0.0000
16-NOV-1970 00 /  839:    0.1  3.800  49.40  15.90  23.30  15.40  31.30  15.20   0.02  0.0000
16-DEC-1970 00 /  840:    0.0  4.100  40.60  18.00  22.00  13.00  31.00  10.80   0.00  0.0000
16-JAN-1971 00 /  841:    0.0  4.100  45.10  17.80  21.50  12.60  30.40   8.30   0.00  0.0000
15-FEB-1971 00 /  842:   10.0  4.700  44.50  17.40  24.00  15.30  32.70   8.40   0.00  0.0000
16-MAR-1971 00 /  843:   29.3  4.800  58.20  15.10  26.30  18.80  33.90  13.10   3.80  0.0000
16-APR-1971 00 /  844:   77.3  4.300  63.50  13.00  25.80  19.30  32.30  18.80  10.07  0.0000
16-MAY-1971 00 /  845:   84.5  3.700  66.20  12.20  24.90  18.80  31.00  21.70  12.00  0.0000
16-JUN-1971 00 /  846:  211.1  3.100  76.10  10.30  23.50  18.40  28.70  22.00  18.38  0.0000
16-JUL-1971 00 /  847:  320.6  2.500  88.40   9.20  22.60  18.00  27.20  22.00  22.01  0.0000
16-AUG-1971 00 /  848:  309.3  2.500  90.50   8.80  21.90  17.50  26.30  21.80  22.03  0.0000
16-SEP-1971 00 /  849:  219.2  2.700  82.70  10.20  22.10  17.00  27.20  21.10  19.64  0.0000
16-OCT-1971 00 /  850:   82.8  3.200  67.40  12.40  22.90  16.70  29.10  20.20  10.33  0.0000
16-NOV-1971 00 /  851:    0.1  3.900  48.20  16.50  22.60  14.40  30.90  13.80   0.11  0.0000
16-DEC-1971 00 /  852:    0.0  3.900  49.10  16.00  21.30  13.30  29.30   9.90   0.00  0.0000
16-JAN-1972 00 /  853:    0.0  4.300  38.40  18.50  22.00  12.80  31.30   8.60   0.00  0.0000
15-FEB-1972 00 /  854:    2.7  4.800  44.20  17.70  24.30  15.50  33.20   8.90   0.00  0.0000
16-MAR-1972 00 /  855:   33.0  4.700  58.50  14.40  26.30  19.10  33.50  13.40   3.44  0.0000
16-APR-1972 00 /  856:  137.7  4.000  70.40  11.00  26.00  20.50  31.50  19.60  13.24  0.0000
16-MAY-1972 00 /  857:  182.8  3.400  71.90  10.50  24.60  19.40  29.90  22.40  17.13  0.0000
16-JUN-1972 00 /  858:  179.4  2.900  77.60  10.20  23.00  17.90  28.10  21.80  17.23  0.0000
16-JUL-1972 00 /  859:  219.7  2.600  87.20   9.60  23.00  18.20  27.80  22.00  18.64  0.0000
16-AUG-1972 00 /  860:  283.3  2.600  88.90   9.10  22.70  18.20  27.30  22.00  21.19  0.0000
16-SEP-1972 00 /  861:  239.7  2.800  82.60  10.60  22.90  17.60  28.20  22.10  20.08  0.0000
16-OCT-1972 00 /  862:  162.2  3.200  71.40  11.90  23.40  17.50  29.40  20.70  13.74  0.0000
16-NOV-1972 00 /  863:    0.6  3.800  49.00  16.80  22.60  14.20  31.00  14.10   0.41  0.0000
16-DEC-1972 00 /  864:    0.0  4.100  42.20  17.50  22.40  13.70  31.20  10.70   0.00  0.0000
16-JAN-1973 00 /  865:    0.0  4.200  46.30  17.10  22.90  14.40  31.50   9.70   0.00  0.0000
15-FEB-1973 00 /  866:    7.9  4.700  50.50  16.50  25.10  16.90  33.40   9.60   0.00  0.0000
16-MAR-1973 00 /  867:   18.2  4.600  65.10  13.90  26.60  19.70  33.60  14.10   2.24  0.0000
16-APR-1973 00 /  868:  111.9  4.400  60.80  13.20  26.10  19.50  32.70  18.80  11.79  0.0000
16-MAY-1973 00 /  869:  117.7  3.500  72.30  11.10  24.80  19.30  30.40  21.90  13.59  0.0000
16-JUN-1973 00 /  870:  256.2  3.000  77.20  10.60  24.00  18.70  29.30  23.00  20.13  0.0000
16-JUL-1973 00 /  871:  276.4  2.800  83.50  10.40  23.30  18.10  28.50  22.40  20.79  0.0000
16-AUG-1973 00 /  872:  246.7  2.500  90.80   8.60  22.60  18.30  26.90  23.00  19.82  0.0000
16-SEP-1973 00 /  873:  275.0  2.600  85.20   9.50  22.70  18.00  27.50  22.40  21.66  0.0000
16-OCT-1973 00 /  874:  111.7  2.900  81.10  10.70  23.70  18.40  29.10  21.60  11.98  0.0000
16-NOV-1973 00 /  875:    1.3  3.800  50.00  16.10  22.70  14.70  30.80  14.60   0.38  0.0000
16-DEC-1973 00 /  876:    0.0  4.200  42.30  17.40  22.60  13.90  31.30  10.70   0.00  0.0000
16-JAN-1974 00 /  877:    0.0  4.000  49.10  15.90  21.60  13.70  29.60   8.90   0.00  0.0000
15-FEB-1974 00 /  878:    7.6  4.500  51.10  16.20  23.70  15.60  31.80   8.80   0.00  0.0000
16-MAR-1974 00 /  879:   12.6  4.800  55.60  15.30  26.00  18.40  33.70  12.90   2.25  0.0000
16-APR-1974 00 /  880:  142.8  4.300  67.60  12.10  26.30  20.30  32.40  18.60  13.47  0.0000
16-MAY-1974 00 /  881:  139.3  3.500  71.30  11.20  24.10  18.50  29.70  20.80  15.24  0.0000
16-JUN-1974 00 /  882:  133.2  3.000  78.00  10.00  23.40  18.40  28.40  22.30  14.91  0.0000
16-JUL-1974 00 /  883:  265.5  2.400  89.10   8.30  22.00  17.90  26.20  22.40  20.35  0.0000
16-AUG-1974 00 /  884:  230.8  2.500  90.00   8.50  22.20  18.00  26.50  22.30  19.30  0.0000
16-SEP-1974 00 /  885:  278.8  2.500  86.70   9.40  21.90  17.20  26.60  21.60  21.93  0.0000
16-OCT-1974 00 /  886:  195.7  3.100  72.40  11.80  23.00  17.10  28.90  20.60  15.36  0.0000
16-NOV-1974 00 /  887:   19.2  3.600  55.10  14.20  22.90  15.80  30.00  14.70   0.97  0.0000
16-DEC-1974 00 /  888:    0.0  3.900  45.00  17.20  21.10  12.50  29.70  10.50   0.00  0.0000
16-JAN-1975 00 /  889:    0.0  3.900  53.90  15.60  21.20  13.40  29.00   8.50   0.00  0.0000
15-FEB-1975 00 /  890:    1.6  4.600  50.30  16.00  23.90  15.90  31.90   8.80   0.00  0.0000
16-MAR-1975 00 /  891:  111.1  4.700  60.00  14.60  26.00  18.70  33.30  13.00   7.17  0.0000
16-APR-1975 00 /  892:  114.7  4.300  66.10  11.90  26.30  20.40  32.30  19.00  11.96  0.0000
16-MAY-1975 00 /  893:  154.6  3.500  71.60  10.80  24.90  19.50  30.30  21.80  15.95  0.0000
16-JUN-1975 00 /  894:  177.9  2.900  79.90   9.30  23.30  18.70  28.00  22.00  17.05  0.0000
16-JUL-1975 00 /  895:  261.3  2.500  88.30   8.70  22.10  17.80  26.50  21.60  20.17  0.0000
16-AUG-1975 00 /  896:  272.9  2.500  90.30   8.50  22.00  17.80  26.30  21.60  20.57  0.0000
16-SEP-1975 00 /  897:  288.1  2.600  83.30   9.50  21.90  17.20  26.70  21.40  22.16  0.0000
16-OCT-1975 00 /  898:  119.4  3.000  73.80  11.40  22.90  17.20  28.60  20.30  11.95  0.0000
16-NOV-1975 00 /  899:   14.9  3.600  57.80  13.50  22.90  16.20  29.70  14.30   1.90  0.0000
16-DEC-1975 00 /  900:    0.0  4.000  47.00  16.50  21.80  13.60  30.10  10.10   0.00  0.0000
16-JAN-1976 00 /  901:    0.0  4.100  46.40  17.10  21.80  13.30  30.40   8.50   0.00  0.0000
15-FEB-1976 00 /  902:   17.4  4.400  55.50  14.70  23.40  16.10  30.80   8.20   0.00  0.0000
16-MAR-1976 00 /  903:   14.2  4.500  64.30  13.70  25.40  18.60  32.30  12.00   1.96  0.0000
16-APR-1976 00 /  904:   95.5  4.200  69.10  11.60  26.00  20.20  31.80  18.00  11.15  0.0000
16-MAY-1976 00 /  905:  169.4  3.600  71.80  10.90  24.50  19.10  30.00  20.20  16.54  0.0000
16-JUN-1976 00 /  906:  223.4  2.900  78.60   9.50  22.80  18.10  27.60  21.50  19.03  0.0000
16-JUL-1976 00 /  907:  223.4  2.500  88.10   8.70  22.30  18.00  26.70  21.50  18.48  0.0000
16-AUG-1976 00 /  908:  286.1  2.600  87.40   8.90  22.20  17.80  26.70  21.40  21.30  0.0000
16-SEP-1976 00 /  909:  236.3  2.800  81.90   9.90  22.60  17.70  27.60  21.80  20.31  0.0000
16-OCT-1976 00 /  910:  262.4  3.100  73.50  11.10  23.30  17.80  28.90  20.70  17.71  0.0000
16-NOV-1976 00 /  911:   24.1  3.700  54.90  14.50  22.70  15.50  30.00  14.10   3.75  0.0000
16-DEC-1976 00 /  912:    0.0  4.000  47.20  16.70  22.30  14.00  30.70  10.40   0.00  0.0000
16-JAN-1977 00 /  913:    0.0  3.900  56.10  16.00  22.10  14.10  30.10   9.20   0.00  0.0000
15-FEB-1977 00 /  914:    0.4  4.300  59.80  15.00  23.70  16.20  31.20   8.90   0.00  0.0000
16-MAR-1977 00 /  915:    2.5  4.300  76.50  14.30  26.20  19.10  33.40  13.50   0.37  0.0000
16-APR-1977 00 /  916:   37.3  3.800  81.20  12.30  26.40  20.30  32.60  19.70   4.87  0.0000
16-MAY-1977 00 /  917:  137.0  3.600  68.80  11.50  25.00  19.30  30.80  22.20  15.01  0.0000
16-JUN-1977 00 /  918:  182.6  3.000  77.80  10.30  23.30  18.20  28.50  22.00  16.93  0.0000
16-JUL-1977 00 /  919:  272.9  2.600  88.00   9.00  22.60  18.10  27.10  21.90  20.66  0.0000
16-AUG-1977 00 /  920:  279.6  2.500  91.20   7.90  22.10  18.20  26.10  21.70  21.00  0.0000
16-SEP-1977 00 /  921:  260.3  2.700  85.10   9.80  22.60  17.70  27.50  21.70  21.18  0.0000
16-OCT-1977 00 /  922:  128.8  3.200  70.00  13.10  23.40  16.90  30.00  20.70  12.62  0.0000
16-NOV-1977 00 /  923:    0.1  3.700  53.30  15.70  22.90  15.10  30.80  14.60   0.02  0.0000
16-DEC-1977 00 /  924:    0.0  3.900  50.30  16.80  21.30  12.90  29.70  10.40   0.00  0.0000
16-JAN-1978 00 /  925:    0.0  4.100  47.00  17.30  22.10  13.50  30.80   8.90   0.00  0.0000
15-FEB-1978 00 /  926:    1.9  4.700  46.60  17.10  24.60  16.10  33.20   9.40   0.00  0.0000
16-MAR-1978 00 /  927:   15.9  4.700  61.50  14.30  26.50  19.40  33.70  13.90   3.02  0.0000
16-APR-1978 00 /  928:  233.9  4.200  64.70  11.80  26.10  20.20  32.00  19.30  16.87  0.0000
16-MAY-1978 00 /  929:  158.5  3.500  70.30  11.40  24.70  19.00  30.40  21.90  15.98  0.0000
16-JUN-1978 00 /  930:  203.7  2.900  78.90   9.90  22.90  18.00  27.90  21.40  17.97  0.0000
16-JUL-1978 00 /  931:  291.5  2.400  89.50   7.70  22.20  18.40  26.10  22.00  21.00  0.0000
16-AUG-1978 00 /  932:  323.7  2.600  90.00   9.00  22.50  18.00  27.00  21.90  22.36  0.0000
16-SEP-1978 00 /  933:  269.8  2.700  83.80  10.00  22.20  17.20  27.20  21.40  21.45  0.0000
16-OCT-1978 00 /  934:  177.5  3.000  77.30  11.00  23.30  17.80  28.80  20.60  14.83  0.0000
16-NOV-1978 00 /  935:   14.1  3.700  53.30  14.80  22.90  15.50  30.30  14.30   1.24  0.0000
16-DEC-1978 00 /  936:    0.0  4.300  36.10  19.90  22.10  12.20  32.10   9.90   0.00  0.0000
16-JAN-1979 00 /  937:    0.0  4.300  43.80  18.60  22.70  13.40  32.00   8.80   0.00  0.0000
15-FEB-1979 00 /  938:    2.0  4.600  50.50  16.20  24.60  16.50  32.70   9.00   0.00  0.0000
16-MAR-1979 00 /  939:   68.6  4.600  66.20  13.00  26.80  20.30  33.30  13.80   5.25  0.0000
16-APR-1979 00 /  940:   98.9  4.200  66.90  12.60  26.20  19.90  32.50  19.10  10.36  0.0000
16-MAY-1979 00 /  941:  223.6  3.500  72.00  11.10  24.90  19.40  30.50  21.70  18.72  0.0000
16-JUN-1979 00 /  942:  176.4  2.900  79.90   9.20  23.10  18.50  27.70  22.10  16.93  0.0000
16-JUL-1979 00 /  943:  299.9  2.500  88.60   8.50  22.80  18.60  27.10  22.20  21.54  0.0000
16-AUG-1979 00 /  944:  236.3  2.600  86.30   8.10  22.50  18.50  26.60  22.30  19.52  0.0000
16-SEP-1979 00 /  945:  215.0  3.000  73.50  10.00  23.00  18.00  28.00  22.60  19.44  0.0000
16-OCT-1979 00 /  946:  133.2  3.200  71.00  12.10  24.00  18.00  30.10  21.30  13.01  0.0000
16-NOV-1979 00 /  947:   37.6  3.700  60.00  13.80  24.00  17.10  30.90  15.20   3.42  0.0000
16-DEC-1979 00 /  948:    0.0  4.200  36.70  18.80  21.60  12.20  31.00  10.50   0.00  0.0000
16-JAN-1980 00 /  949:    0.0  4.400  37.90  18.20  22.90  13.80  32.00   9.00   0.00  0.0000
15-FEB-1980 00 /  950:    0.4  4.600  52.40  15.90  24.60  16.70  32.60   9.50   0.00  0.0000
16-MAR-1980 00 /  951:   86.0  4.700  59.30  14.40  26.50  19.30  33.70  13.90   5.86  0.0000
16-APR-1980 00 /  952:   90.0  4.100  69.50  11.80  26.60  20.70  32.50  19.90  10.57  0.0000
16-MAY-1980 00 /  953:  175.0  3.500  73.10  10.20  25.30  20.20  30.40  22.80  16.71  0.0000
16-JUN-1980 00 /  954:  201.9  3.000  77.70  10.10  23.30  18.30  28.40  22.30  18.00  0.0000
16-JUL-1980 00 /  955:  278.9  2.500  87.60   9.50  22.50  17.80  27.30  22.40  20.85  0.0000
16-AUG-1980 00 /  956:  247.3  2.500  89.60   8.90  22.60  18.20  27.10  22.80  19.85  0.0000
16-SEP-1980 00 /  957:  298.4  2.700  84.80   9.60  23.00  18.20  27.80  22.30  22.60  0.0000
16-OCT-1980 00 /  958:  163.0  3.100  73.50  11.00  23.70  18.20  29.20  21.20  14.34  0.0000
16-NOV-1980 00 /  959:    9.8  3.600  60.00  13.60  23.30  16.50  30.10  14.70   2.20  0.0000
16-DEC-1980 00 /  960:    0.0  3.900  46.30  16.30  21.50  13.40  29.70  10.80   0.00  0.0000
16-JAN-1981 00 /  961:    0.0  4.100  44.20  18.40  20.80  11.60  30.00   8.00   0.00  0.0000
15-FEB-1981 00 /  962:    0.1  4.800  45.80  17.70  24.30  15.50  33.20   8.80   0.00  0.0000
16-MAR-1981 00 /  963:    2.2  4.800  58.40  15.00  26.40  18.90  33.90  13.40   0.81  0.0000
16-APR-1981 00 /  964:  112.9  4.500  59.30  13.30  26.10  19.50  32.80  18.60  12.13  0.0000
16-MAY-1981 00 /  965:  245.6  3.400  72.70  10.40  24.70  19.50  29.90  22.10  19.54  0.0000
16-JUN-1981 00 /  966:  167.6  3.000  76.00   9.70  23.40  18.60  28.30  22.30  16.70  0.0000
16-JUL-1981 00 /  967:  264.8  2.400  88.80   8.20  22.00  17.90  26.10  22.10  20.23  0.0000
16-AUG-1981 00 /  968:  236.8  2.700  86.00   9.60  22.40  17.60  27.20  21.60  19.50  0.0000
16-SEP-1981 00 /  969:  217.7  2.700  84.90   9.50  22.50  17.80  27.30  21.90  19.40  0.0000
16-OCT-1981 00 /  970:  135.1  3.100  73.80  11.30  23.70  18.10  29.40  20.90  13.24  0.0000
16-NOV-1981 00 /  971:   17.0  3.700  53.30  15.30  22.40  14.80  30.10  14.20   2.42  0.0000
16-DEC-1981 00 /  972:    0.0  4.200  40.10  18.70  22.40  13.10  31.80  10.30   0.00  0.0000
16-JAN-1982 00 /  973:    0.0  4.100  49.70  16.10  22.50  14.50  30.60   9.40   0.00  0.0000
15-FEB-1982 00 /  974:   10.9  4.600  51.10  15.90  23.80  15.90  31.80   8.70   0.00  0.0000
16-MAR-1982 00 /  975:   44.2  4.700  61.40  14.50  26.10  18.90  33.40  12.80   4.06  0.0000
16-APR-1982 00 /  976:   99.6  4.300  66.30  12.00  26.60  20.60  32.60  19.00  10.98  0.0000
16-MAY-1982 00 /  977:  136.5  3.500  72.00  10.30  24.90  19.80  30.10  21.50  14.90  0.0000
16-JUN-1982 00 /  978:  156.1  2.900  78.00  10.00  23.40  18.40  28.40  22.40  16.12  0.0000
16-JUL-1982 00 /  979:  292.0  2.600  87.50   9.40  22.80  18.10  27.50  22.00  21.34  0.0000
16-AUG-1982 00 /  980:  313.8  2.400  90.70   8.20  22.30  18.20  26.40  22.60  21.97  0.0000
16-SEP-1982 00 /  981:  301.4  2.700  83.20   9.70  22.90  18.10  27.80  22.40  22.60  0.0000
16-OCT-1982 00 /  982:  107.7  3.000  76.70  10.50  23.30  18.10  28.60  20.90  11.67  0.0000
16-NOV-1982 00 /  983:    4.9  3.600  53.20  14.60  22.40  15.10  29.70  14.50   0.98  0.0000
16-DEC-1982 00 /  984:    0.0  4.200  39.40  18.50  22.20  13.00  31.50  10.30   0.00  0.0000
16-JAN-1983 00 /  985:    0.0  3.500  73.90  14.40  20.30  13.10  27.50   8.10   0.00  0.0000
15-FEB-1983 00 /  986:    0.1  4.800  44.70  17.00  25.20  16.70  33.70   9.70   0.00  0.0000
16-MAR-1983 00 /  987:    3.1  4.900  53.00  15.80  26.40  18.50  34.30  14.40   0.92  0.0000
16-APR-1983 00 /  988:   30.9  4.500  61.50  13.60  27.30  20.50  34.10  20.70   5.52  0.0000
16-MAY-1983 00 /  989:  148.5  3.800  66.30  12.60  25.90  19.60  32.20  22.50  15.50  0.0000
16-JUN-1983 00 /  990:  171.5  2.900  78.70   9.10  23.70  19.20  28.30  23.30  16.53  0.0000
16-JUL-1983 00 /  991:  259.7  2.500  88.80   8.40  23.00  18.80  27.20  23.10  20.00  0.0000
16-AUG-1983 00 /  992:  249.1  2.500  91.00   8.50  22.80  18.60  27.10  22.90  19.99  0.0000
16-SEP-1983 00 /  993:  185.7  2.700  84.10  10.00  22.90  17.90  27.90  22.30  18.10  0.0000
16-OCT-1983 00 /  994:   25.2  3.200  70.00  12.70  23.20  16.90  29.60  20.70   5.84  0.0000
16-NOV-1983 00 /  995:    0.2  3.900  47.90  16.80  22.90  14.50  31.30  14.20   0.19  0.0000
16-DEC-1983 00 /  996:    0.0  4.000  44.90  16.90  21.80  13.40  30.30  10.20   0.00  0.0000
16-JAN-1984 00 /  997:    0.0  4.300  33.00  19.10  21.30  11.80  30.90   8.00   0.00  0.0000
15-FEB-1984 00 /  998:    1.2  4.600  47.90  16.20  24.30  16.20  32.40   9.30   0.00  0.0000
16-MAR-1984 00 /  999:   53.1  4.700  61.70  14.00  26.40  19.40  33.40  13.50   5.80  0.0000
16-APR-1984 00 / 1000:  129.6  4.100  70.40  11.30  26.40  20.80  32.10  20.10  12.73  0.0000
16-MAY-1984 00 / 1001:  133.0  3.500  72.60  10.30  24.90  19.80  30.10  22.40  14.81  0.0000
16-JUN-1984 00 / 1002:  132.7  2.900  78.00   9.80  23.40  18.50  28.30  22.60  14.68  0.0000
16-JUL-1984 00 / 1003:  244.1  2.700  85.20  10.00  22.70  17.70  27.70  21.80  19.52  0.0000
16-AUG-1984 00 / 1004:  203.9  2.800  86.60   9.90  23.30  18.40  28.30  22.50  18.03  0.0000
16-SEP-1984 00 / 1005:  185.5  2.700  83.60   9.80  22.70  17.80  27.60  22.10  18.01  0.0000
16-OCT-1984 00 / 1006:  110.9  3.200  71.10  11.00  23.70  18.20  29.20  21.30  11.29  0.0000
16-NOV-1984 00 / 1007:    9.5  3.700  53.30  15.30  23.00  15.40  30.70  14.50   1.55  0.0000
16-DEC-1984 00 / 1008:    0.0  3.900  46.30  16.30  21.40  13.30  29.60  10.40   0.00  0.0000
16-JAN-1985 00 / 1009:    0.0  4.000  51.00  16.20  22.30  14.20  30.40   9.30   0.00  0.0000
15-FEB-1985 00 / 1010:    0.6  4.500  53.80  15.90  23.40  15.50  31.40   8.40   0.00  0.0000
16-MAR-1985 00 / 1011:  168.9  4.700  63.80  13.50  27.10  20.40  33.90  14.20  10.39  0.0000
16-APR-1985 00 / 1012:   40.3  3.900  72.60  10.80  25.50  20.10  30.90  19.30   6.50  0.0000
16-MAY-1985 00 / 1013:  135.3  3.300  77.10   9.80  24.90  20.00  29.80  22.10  15.03  0.0000
16-JUN-1985 00 / 1014:  187.3  2.900  78.40   9.40  23.50  18.80  28.20  22.60  17.41  0.0000
16-JUL-1985 00 / 1015:  270.2  2.500  88.80   8.40  22.50  18.30  26.70  22.60  20.55  0.0000
16-AUG-1985 00 / 1016:  251.5  2.700  86.80   9.00  22.80  18.30  27.30  22.40  20.08  0.0000
16-SEP-1985 00 / 1017:  252.7  2.700  83.80   9.60  22.50  17.70  27.30  21.90  20.81  0.0000
16-OCT-1985 00 / 1018:   78.3  3.200  71.20  11.90  23.50  17.60  29.50  21.00   9.88  0.0000
16-NOV-1985 00 / 1019:   15.2  3.700  54.60  15.00  23.00  15.50  30.50  14.70   1.79  0.0000
16-DEC-1985 00 / 1020:    0.0  3.400  83.10  15.90  21.60  13.70  29.60  10.70   0.00  0.0000
16-JAN-1986 00 / 1021:    0.0  4.200  42.50  18.00  22.00  13.00  31.00   9.00   0.00  0.0000
15-FEB-1986 00 / 1022:    1.1  4.700  50.30  16.50  24.90  16.70  33.20   9.50   0.00  0.0000
16-MAR-1986 00 / 1023:   58.6  4.600  64.20  13.50  26.60  19.90  33.40  14.30   4.49  0.0000
16-APR-1986 00 / 1024:   72.2  4.400  64.20  12.60  27.20  20.90  33.50  20.70   9.24  0.0000
16-MAY-1986 00 / 1025:  105.2  3.500  69.40  11.20  25.00  19.40  30.60  23.10  12.97  0.0000
16-JUN-1986 00 / 1026:  179.2  3.000  77.00  10.10  23.80  18.80  28.90  22.90  17.12  0.0000
16-JUL-1986 00 / 1027:  258.7  2.400  89.80   8.20  22.30  18.20  26.40  22.90  20.12  0.0000
16-AUG-1986 00 / 1028:  263.4  2.600  87.80   8.70  22.50  18.20  26.90  22.80  20.45  0.0000
16-SEP-1986 00 / 1029:  254.0  2.600  86.20   9.20  22.40  17.80  27.00  22.00  20.98  0.0000
16-OCT-1986 00 / 1030:  133.5  3.300  68.40  12.00  23.50  17.50  29.50  20.60  13.00  0.0000
16-NOV-1986 00 / 1031:   13.8  3.800  50.90  15.50  23.20  15.50  31.00  14.40   1.68  0.0000
16-DEC-1986 00 / 1032:    0.0  4.000  46.10  17.20  21.30  12.70  29.90  10.30   0.00  0.0000
16-JAN-1987 00 / 1033:    0.0  4.400  34.30  19.30  22.30  12.70  32.00   8.90   0.00  0.0000
15-FEB-1987 00 / 1034:    0.7  4.700  48.10  16.80  25.00  16.60  33.40   9.70   0.00  0.0000
16-MAR-1987 00 / 1035:   29.8  4.600  63.30  13.90  25.90  19.00  32.90  13.50   4.80  0.0000
16-APR-1987 00 / 1036:   33.8  4.300  62.00  13.60  26.30  19.50  33.10  20.10   4.89  0.0000
16-MAY-1987 00 / 1037:  114.9  3.800  65.90  12.80  25.50  19.10  31.90  22.80  13.86  0.0000
16-JUN-1987 00 / 1038:  169.7  3.100  72.20  10.20  24.00  18.90  29.10  23.20  16.67  0.0000
16-JUL-1987 00 / 1039:  202.8  2.700  86.00   9.80  24.10  19.20  29.00  23.40  18.10  0.0000
16-AUG-1987 00 / 1040:  301.8  2.500  89.90   8.70  23.00  18.70  27.40  23.40  21.77  0.0000
16-SEP-1987 00 / 1041:  247.1  2.700  84.90   9.50  23.10  18.40  27.90  22.50  20.74  0.0000
16-OCT-1987 00 / 1042:  113.3  3.200  69.50  11.80  23.80  17.90  29.70  21.50  12.14  0.0000
16-NOV-1987 00 / 1043:    0.4  3.900  48.10  16.40  23.50  15.30  31.70  14.90   0.11  0.0000
16-DEC-1987 00 / 1044:    0.0  4.100  41.90  17.80  22.30  13.40  31.20  10.80   0.00  0.0000
16-JAN-1988 00 / 1045:    0.0  3.900  56.00  15.70  22.60  14.80  30.50   9.90   0.00  0.0000
15-FEB-1988 00 / 1046:    3.6  4.600  50.90  16.50  24.90  16.70  33.20  10.00   0.00  0.0000
16-MAR-1988 00 / 1047:   23.5  4.800  58.70  15.10  26.80  19.30  34.40  14.30   2.89  0.0000
16-APR-1988 00 / 1048:   97.7  4.200  68.10  12.10  27.10  21.10  33.20  20.70  11.18  0.0000
16-MAY-1988 00 / 1049:  165.9  3.600  69.70  11.10  25.30  19.80  30.90  23.30  16.47  0.0000
16-JUN-1988 00 / 1050:  171.1  2.900  78.40   9.40  23.50  18.80  28.20  22.80  16.79  0.0000
16-JUL-1988 00 / 1051:  250.2  2.500  87.90   8.60  22.70  18.40  27.00  22.90  19.85  0.0000
16-AUG-1988 00 / 1052:  253.5  2.400  91.80   7.50  22.30  18.60  26.10  23.30  20.07  0.0000
16-SEP-1988 00 / 1053:  342.0  2.500  88.50   8.50  22.40  18.20  26.70  22.30  23.93  0.0000
16-OCT-1988 00 / 1054:  134.3  3.200  69.90  11.90  23.20  17.30  29.20  20.90  12.83  0.0000
16-NOV-1988 00 / 1055:    0.1  3.900  46.50  17.00  23.20  14.70  31.70  14.30   0.08  0.0000
16-DEC-1988 00 / 1056:    0.0  3.700  57.60  14.70  21.40  14.10  28.80  10.80   0.00  0.0000
16-JAN-1989 00 / 1057:    0.0  3.900  53.30  16.80  20.50  12.10  28.90   7.70   0.00  0.0000
15-FEB-1989 00 / 1058:    0.1  4.500  50.70  16.40  23.00  14.80  31.20   8.20   0.00  0.0000
16-MAR-1989 00 / 1059:    4.5  4.900  53.70  16.30  26.00  17.90  34.20  13.10   1.09  0.0000
16-APR-1989 00 / 1060:   76.5  4.400  62.10  13.70  26.30  19.50  33.20  19.10   9.93  0.0000
16-MAY-1989 00 / 1061:  191.4  3.400  71.70  10.70  24.20  18.90  29.60  21.50  17.49  0.0000
16-JUN-1989 00 / 1062:  181.3  3.100  76.10  10.20  23.90  18.80  29.00  22.50  17.22  0.0000
16-JUL-1989 00 / 1063:  259.4  2.600  87.70   8.80  22.80  18.40  27.20  22.40  20.21  0.0000
16-AUG-1989 00 / 1064:  307.4  2.600  86.20   8.40  22.80  18.60  27.00  22.90  21.85  0.0000
16-SEP-1989 00 / 1065:  206.9  2.600  85.80   8.90  22.60  18.20  27.10  22.40  18.91  0.0000
16-OCT-1989 00 / 1066:  108.5  3.100  73.30  11.10  23.60  18.10  29.20  21.40  11.63  0.0000
16-NOV-1989 00 / 1067:    4.1  3.800  51.90  15.90  23.30  15.40  31.30  14.60   3.26  0.0000
16-DEC-1989 00 / 1068:    0.0  4.000  44.40  17.80  21.50  12.60  30.40  10.10   0.00  0.0000
16-JAN-1990 00 / 1069:    0.0  4.000  60.00  16.10  23.20  15.20  31.30   9.20   0.00  0.0000
15-FEB-1990 00 / 1070:    0.1  4.500  52.30  16.10  23.30  15.30  31.40   9.00   0.00  0.0000
16-MAR-1990 00 / 1071:    0.6  4.800  55.90  16.20  25.70  17.60  33.80  13.00   0.16  0.0000
16-APR-1990 00 / 1072:  135.8  4.400  67.20  12.20  27.20  21.10  33.30  19.20  13.08  0.0000
16-MAY-1990 00 / 1073:  181.6  3.500  74.60  10.50  25.20  20.00  30.50  22.10  17.12  0.0000
16-JUN-1990 00 / 1074:  176.3  3.100  76.10   9.90  24.30  19.40  29.30  22.70  17.06  0.0000
16-JUL-1990 00 / 1075:  291.8  2.700  80.00   8.10  22.70  18.70  26.80  22.20  21.31  0.0000
16-AUG-1990 00 / 1076:  271.4  2.700  87.80   8.90  23.00  18.60  27.50  22.10  20.71  0.0000
16-SEP-1990 00 / 1077:  219.6  2.800  84.30   9.60  23.30  18.50  28.10  21.90  19.52  0.0000
16-OCT-1990 00 / 1078:  137.2  3.200  74.30  11.50  23.90  18.20  29.70  20.90  13.38  0.0000
16-NOV-1990 00 / 1079:   23.8  3.600  60.50  13.00  23.80  17.30  30.30  14.90   2.71  0.0000
16-DEC-1990 00 / 1080:    0.0  3.900  56.90  13.80  23.60  16.70  30.50  11.00   0.00  0.0000
16-JAN-1991 00 / 1081:    0.0  4.100  47.10  17.10  22.30  13.80  30.90   8.90   0.00  0.0000
15-FEB-1991 00 / 1082:    6.7  4.900  45.40  16.80  25.50  17.10  33.90   9.10   0.00  0.0000
16-MAR-1991 00 / 1083:   22.0  4.700  60.70  14.50  26.60  19.40  33.90  13.60   3.45  0.0000
16-APR-1991 00 / 1084:  132.8  4.200  69.50  11.80  26.80  20.90  32.70  19.40  12.75  0.0000
16-MAY-1991 00 / 1085:  259.3  3.300  77.50  11.00  24.50  19.00  30.00  22.20  20.09  0.0000
16-JUN-1991 00 / 1086:  167.2  3.100  77.30   9.90  24.00  19.10  29.00  22.40  16.65  0.0000
16-JUL-1991 00 / 1087:  222.5  2.600  87.60   9.00  23.00  18.50  27.50  22.10  18.78  0.0000
16-AUG-1991 00 / 1088:  245.0  2.500  91.20   8.60  22.70  18.40  27.00  22.50  19.74  0.0000
16-SEP-1991 00 / 1089:  195.2  2.800  83.30   9.80  23.50  18.60  28.40  22.00  18.58  0.0000
16-OCT-1991 00 / 1090:  126.8  3.200  71.20  11.60  23.50  17.70  29.30  20.90  12.49  0.0000
16-NOV-1991 00 / 1091:    2.7  3.700  55.00  15.00  22.90  15.40  30.40  14.60   1.62  0.0000
16-DEC-1991 00 / 1092:    0.0  4.000  45.00  16.90  21.50  13.10  30.00  10.60   0.00  0.0000
16-JAN-1992 00 / 1093:    0.0  4.000  47.80  17.00  21.50  13.00  30.00   8.90   0.00  0.0000
15-FEB-1992 00 / 1094:    0.2  4.600  48.20  16.50  23.50  15.30  31.80   9.30   0.00  0.0000
16-MAR-1992 00 / 1095:   67.5  4.700  61.30  14.40  26.90  19.70  34.10  13.80   9.37  0.0000
16-APR-1992 00 / 1096:   83.7  4.200  69.70  11.80  26.60  20.70  32.50  19.80  10.35  0.0000
16-MAY-1992 00 / 1097:  222.6  3.500  71.30  10.80  24.90  19.50  30.30  22.40  18.63  0.0000
16-JUN-1992 00 / 1098:  177.5  3.000  78.40   9.90  23.80  18.90  28.80  22.90  17.11  0.0000
16-JUL-1992 00 / 1099:  246.4  2.500  87.50   8.80  22.50  18.10  26.90  22.50  19.64  0.0000
16-AUG-1992 00 / 1100:  295.8  2.500  91.90   8.50  22.60  18.40  26.90  22.60  21.34  0.0000
16-SEP-1992 00 / 1101:  257.6  2.700  84.00   9.50  22.80  18.10  27.60  22.30  21.08  0.0000
16-OCT-1992 00 / 1102:  121.7  3.200  70.30  11.80  23.50  17.60  29.40  21.10  12.33  0.0000
16-NOV-1992 00 / 1103:   16.5  3.600  58.40  14.80  22.90  15.50  30.30  14.80   2.99  0.0000
16-DEC-1992 00 / 1104:    0.0  4.000  42.30  17.20  21.70  13.10  30.30  10.60   0.00  0.0000
16-JAN-1993 00 / 1105:    0.0  4.000  47.70  17.00  21.20  12.70  29.70   8.90   0.00  0.0000
15-FEB-1993 00 / 1106:    0.4  4.700  43.60  16.70  23.80  15.50  32.20   9.00   0.00  0.0000
16-MAR-1993 00 / 1107:   67.6  4.700  63.90  14.50  26.60  19.40  33.90  13.50   6.60  0.0000
16-APR-1993 00 / 1108:  129.6  4.300  63.10  12.00  26.40  20.40  32.40  19.30  12.45  0.0000
16-MAY-1993 00 / 1109:  148.6  3.600  69.50  10.80  25.30  19.90  30.70  22.20  15.63  0.0000
16-JUN-1993 00 / 1110:  200.6  3.100  76.10   9.90  23.80  18.90  28.80  22.30  18.18  0.0000
16-JUL-1993 00 / 1111:  257.0  2.700  88.40   9.00  23.40  18.90  27.90  22.10  20.08  0.0000
16-AUG-1993 00 / 1112:  311.6  2.600  90.00   8.60  22.70  18.40  27.00  22.20  22.12  0.0000
16-SEP-1993 00 / 1113:  229.3  2.700  84.70   9.60  22.90  18.10  27.70  22.00  19.84  0.0000
16-OCT-1993 00 / 1114:  115.8  3.200  71.00  11.70  23.90  18.10  29.80  20.90  12.03  0.0000
16-NOV-1993 00 / 1115:   11.2  3.800  57.60  15.20  23.90  16.30  31.50  14.20   2.01  0.0000
16-DEC-1993 00 / 1116:    0.0  3.900  50.90  16.80  22.00  13.60  30.40  10.50   0.00  0.0000
16-JAN-1994 00 / 1117:    0.0  4.200  44.50  17.10  22.30  13.80  30.90   8.90   0.00  0.0000
15-FEB-1994 00 / 1118:    0.7  4.600  47.90  16.50  24.00  15.80  32.30   8.90   0.00  0.0000
16-MAR-1994 00 / 1119:    4.1  5.000  53.40  14.80  27.00  19.60  34.40  13.30   1.05  0.0000
16-APR-1994 00 / 1120:  123.4  4.200  67.80  11.80  26.60  20.70  32.50  19.50  12.38  0.0000
16-MAY-1994 00 / 1121:  151.8  3.600  69.40  10.90  25.20  19.80  30.70  22.10  15.63  0.0000
16-JUN-1994 00 / 1122:  230.4  3.000  76.60   9.90  23.60  18.70  28.60  22.20  18.82  0.0000
16-JUL-1994 00 / 1123:  203.7  2.500  87.90   8.80  22.60  18.20  27.00  22.30  17.81  0.0000
16-AUG-1994 00 / 1124:  291.9  2.400  90.50   8.40  22.10  17.90  26.30  22.50  21.35  0.0000
16-SEP-1994 00 / 1125:  302.9  2.600  84.60   9.50  22.30  17.60  27.10  22.20  22.60  0.0000
16-OCT-1994 00 / 1126:  148.4  3.200  72.00  11.50  23.70  18.00  29.50  21.10  13.72  0.0000
16-NOV-1994 00 / 1127:    5.7  3.800  52.30  15.20  23.20  15.60  30.80  14.60   1.06  0.0000
16-DEC-1994 00 / 1128:    0.0  4.000  42.00  17.00  21.50  13.00  30.00  10.70   0.00  0.0000
16-JAN-1995 00 / 1129:    0.0  4.100  44.50  17.20  21.70  13.10  30.30   8.70   0.00  0.0000
15-FEB-1995 00 / 1130:    0.2  4.600  45.60  16.70  23.60  15.30  32.00   8.80   0.00  0.0000
16-MAR-1995 00 / 1131:  136.2  4.900  57.30  14.70  26.80  19.50  34.20  13.10   8.75  0.0000
16-APR-1995 00 / 1132:   88.5  4.300  65.80  11.90  26.50  20.60  32.50  19.10  10.73  0.0000
16-MAY-1995 00 / 1133:  142.8  3.700  68.30  11.10  25.30  19.80  30.90  21.60  15.16  0.0000
16-JUN-1995 00 / 1134:  223.1  3.100  76.10   9.90  24.00  19.10  29.00  22.70  18.90  0.0000
16-JUL-1995 00 / 1135:  269.1  2.600  88.60   9.00  23.40  18.90  27.90  22.50  20.47  0.0000
16-AUG-1995 00 / 1136:  258.2  2.600  89.90   8.70  23.10  18.80  27.50  22.70  20.15  0.0000
16-SEP-1995 00 / 1137:  200.2  2.800  83.20   9.60  23.10  18.30  27.90  22.40  18.40  0.0000
16-OCT-1995 00 / 1138:  224.6  3.000  80.70  11.60  24.00  18.20  29.80  21.20  16.41  0.0000
16-NOV-1995 00 / 1139:    9.6  3.700  53.30  15.10  23.10  15.60  30.70  14.70   1.26  0.0000
16-DEC-1995 00 / 1140:    0.0  4.200  43.00  17.10  22.80  14.30  31.40  10.70   0.00  0.0000
16-JAN-1996 00 / 1141:    0.0  4.400  33.10  17.50  22.90  14.20  31.70   9.00   0.00  0.0000
15-FEB-1996 00 / 1142:    1.5  4.800  45.30  16.70  25.10  16.80  33.50   9.10   0.00  0.0000
16-MAR-1996 00 / 1143:  106.1  4.900  55.10  14.60  26.80  19.50  34.10  13.50   8.94  0.0000
16-APR-1996 00 / 1144:  140.7  4.200  65.70  12.00  26.40  20.40  32.40  19.60  13.36  0.0000
16-MAY-1996 00 / 1145:  203.7  3.600  69.50  10.90  24.90  19.50  30.40  22.00  18.00  0.0000
16-JUN-1996 00 / 1146:  233.8  3.000  76.60   9.90  23.60  18.70  28.60  22.10  19.27  0.0000
16-JUL-1996 00 / 1147:  211.8  2.700  85.50   9.10  23.40  18.90  28.00  22.00  17.96  0.0000
16-AUG-1996 00 / 1148:  304.0  2.600  88.80   8.70  22.60  18.30  27.00  22.10  21.86  0.0000
16-SEP-1996 00 / 1149:  289.7  2.700  86.40   9.50  22.70  18.00  27.50  21.80  22.23  0.0000
16-OCT-1996 00 / 1150:  210.1  3.200  70.70  11.50  23.40  17.70  29.20  20.70  15.96  0.0000
16-NOV-1996 00 / 1151:    0.1  3.700  49.20  15.10  22.40  14.90  30.00  14.50   0.02  0.0000
16-DEC-1996 00 / 1152:    0.0  4.000  51.10  17.30  22.20  13.60  30.90  10.30   0.00  0.0000
16-JAN-1997 00 / 1153:    0.0  4.400  35.40  17.40  22.70  14.00  31.40   8.70   0.00  0.0000
15-FEB-1997 00 / 1154:    0.1  4.600  46.20  16.30  23.10  15.00  31.30   8.90   0.00  0.0000
16-MAR-1997 00 / 1155:    8.4  4.700  57.90  14.30  26.30  19.20  33.50  13.40   1.11  0.0000
16-APR-1997 00 / 1156:  184.1  4.200  68.80  11.80  26.30  20.40  32.20  19.00  15.11  0.0000
16-MAY-1997 00 / 1157:  219.3  3.500  71.60  10.90  24.70  19.30  30.20  21.70  18.60  0.0000
16-JUN-1997 00 / 1158:  278.6  3.100  77.50   9.90  23.80  18.90  28.80  22.10  20.97  0.0000
16-JUL-1997 00 / 1159:  219.7  2.700  87.50   9.00  23.40  18.90  27.90  21.90  18.63  0.0000
16-AUG-1997 00 / 1160:  266.7  2.700  89.60   8.80  23.10  18.70  27.50  22.00  20.43  0.0000
16-SEP-1997 00 / 1161:  266.2  2.900  85.60   9.60  24.00  19.20  28.80  21.70  21.32  0.0000
16-OCT-1997 00 / 1162:  205.9  3.400  72.50  11.60  24.90  19.10  30.70  20.60  16.33  0.0000
16-NOV-1997 00 / 1163:   17.1  3.900  55.00  15.30  24.10  16.50  31.80  14.20   2.39  0.0000
16-DEC-1997 00 / 1164:    0.0  4.200  37.80  17.10  22.10  13.60  30.70  10.30   0.00  0.0000
16-JAN-1998 00 / 1165:    0.0  4.300  34.90  17.20  22.50  13.90  31.10   8.80   0.00  0.0000
15-FEB-1998 00 / 1166:    0.8  4.800  45.60  16.50  25.60  17.40  33.90  10.20   0.00  0.0000
16-MAR-1998 00 / 1167:   15.1  4.700  57.40  14.40  26.40  19.20  33.60  15.40   5.12  0.0000
16-APR-1998 00 / 1168:   71.2  4.300  69.00  12.00  28.10  22.10  34.10  21.50   9.23  0.0000
16-MAY-1998 00 / 1169:  196.7  3.600  70.60  11.00  26.10  20.60  31.60  24.30  17.78  0.0000
16-JUN-1998 00 / 1170:  128.6  3.000  79.60   9.90  24.40  19.50  29.40  23.90  14.66  0.0000
16-JUL-1998 00 / 1171:  233.4  2.500  87.90   8.20  23.50  19.40  27.60  24.00  18.95  0.0000
16-AUG-1998 00 / 1172:  246.2  2.500  90.20   8.60  23.10  18.80  27.40  23.50  19.81  0.0000
16-SEP-1998 00 / 1173:  334.0  2.500  87.00   9.40  22.80  18.10  27.50  23.30  23.92  0.0000
16-OCT-1998 00 / 1174:  109.8  3.200  70.10  11.50  23.90  18.20  29.70  21.90  12.11  0.0000
16-NOV-1998 00 / 1175:   21.5  3.800  53.80  15.20  24.10  16.50  31.70  15.30   1.20  0.0000
16-DEC-1998 00 / 1176:    0.0  4.200  39.80  17.10  22.50  14.00  31.10  11.10   0.00  0.0000
16-JAN-1999 00 / 1177:    0.0  4.300  34.10  17.40  22.40  13.70  31.10   9.10   0.00  0.0000
15-FEB-1999 00 / 1178:   18.0  4.800  44.80  16.80  24.60  16.20  33.00   9.00   0.00  0.0000
16-MAR-1999 00 / 1179:   17.5  5.000  53.00  14.90  27.20  19.80  34.70  14.30   8.20  0.0000
16-APR-1999 00 / 1180:   52.6  4.100  71.50  12.10  26.50  20.50  32.60  20.20   8.32  0.0000
16-MAY-1999 00 / 1181:   89.9  3.400  72.00  11.10  24.60  19.10  30.20  22.60  12.24  0.0000
16-JUN-1999 00 / 1182:  144.9  3.000  76.70   9.90  23.60  18.70  28.60  22.90  15.69  0.0000
16-JUL-1999 00 / 1183:  225.4  2.500  85.80   9.00  22.70  18.20  27.20  23.10  18.90  0.0000
16-AUG-1999 00 / 1184:  283.5  2.400  90.00   8.60  22.50  18.20  26.80  23.30  21.22  0.0000
16-SEP-1999 00 / 1185:  283.8  2.500  88.00   9.50  22.40  17.70  27.20  22.90  22.01  0.0000
16-OCT-1999 00 / 1186:  264.8  3.200  70.20  11.50  23.40  17.70  29.20  20.50  18.08  0.0000
16-NOV-1999 00 / 1187:   12.0  3.800  53.30  15.00  23.80  16.30  31.30  14.50   1.60  0.0000
16-DEC-1999 00 / 1188:    0.0  4.100  39.80  17.00  22.10  13.60  30.60  10.60   0.00  0.0000
16-JAN-2000 00 / 1189:    0.0  4.400  34.30  17.20  22.70  14.10  31.30   9.10   0.00  0.0000
15-FEB-2000 00 / 1190:    0.1  4.500  46.40  16.30  22.80  14.70  31.00   9.20   0.00  0.0000
16-MAR-2000 00 / 1191:    5.2  4.800  54.70  14.60  26.10  18.80  33.40  13.60   0.55  0.0000
16-APR-2000 00 / 1192:   55.2  4.400  64.00  12.30  26.90  20.80  33.10  19.20   8.44  0.0000
16-MAY-2000 00 / 1193:  135.1  3.600  71.30  11.20  25.30  19.70  30.90  21.80  14.32  0.0000
16-JUN-2000 00 / 1194:  216.1  3.100  77.20   9.90  23.70  18.80  28.70  22.00  18.56  0.0000
16-JUL-2000 00 / 1195:  235.4  2.500  90.90   9.00  22.80  18.30  27.30  21.70  19.08  0.0000
16-AUG-2000 00 / 1196:  272.1  2.700  89.80   9.00  22.90  18.40  27.40  21.80  20.69  0.0000
16-SEP-2000 00 / 1197:  216.5  2.600  87.00   9.70  22.80  18.00  27.70  22.00  19.60  0.0000
16-OCT-2000 00 / 1198:  195.0  3.200  70.00  11.70  23.40  17.60  29.30  21.00  15.18  0.0000
16-NOV-2000 00 / 1199:    3.4  3.800  54.60  15.20  23.50  15.90  31.10  14.80   0.45  0.0000
16-DEC-2000 00 / 1200:    0.0  4.100  39.50  17.00  21.70  13.20  30.20  10.70   0.00  0.0000
16-JAN-2001 00 / 1201:    0.0  4.300  32.60  17.50  21.80  13.10  30.60   8.90   0.00  0.0000
15-FEB-2001 00 / 1202:    4.0  4.600  46.10  16.40  23.70  15.50  31.90   9.10   0.00  0.0000
16-MAR-2001 00 / 1203:   36.1  4.800  55.30  14.80  26.20  18.80  33.60  13.30   3.88  0.0000
16-APR-2001 00 / 1204:  110.0  4.300  67.50  11.90  26.80  20.90  32.80  19.30  11.20  0.0000
16-MAY-2001 00 / 1205:  141.8  3.600  71.30  10.90  25.30  19.90  30.80  21.90  15.00  0.0000
16-JUN-2001 00 / 1206:  172.3  3.000  76.50   9.90  23.50  18.60  28.50  22.00  16.57  0.0000
16-JUL-2001 00 / 1207:  239.2  2.600  87.20   9.00  22.90  18.40  27.40  22.00  19.28  0.0000
16-AUG-2001 00 / 1208:  254.6  2.600  88.80   8.70  22.70  18.40  27.10  22.20  19.97  0.0000
16-SEP-2001 00 / 1209:  261.3  2.700  84.60   9.50  22.70  18.00  27.50  22.00  21.17  0.0000
16-OCT-2001 00 / 1210:  216.3  3.100  72.50  11.50  23.50  17.80  29.30  21.00  15.70  0.0000
16-NOV-2001 00 / 1211:   12.0  3.800  52.40  15.20  23.30  15.70  30.90  14.50   1.60  0.0000
16-DEC-2001 00 / 1212:    0.0  4.200  39.30  17.20  22.80  14.20  31.40  10.50   0.00  0.0000
16-JAN-2002 00 / 1213:    0.0  4.000  46.30  16.90  21.40  13.00  29.90   9.00   0.00  0.0000
15-FEB-2002 00 / 1214:    4.6  4.700  45.70  16.60  24.40  16.10  32.70   9.20   0.00  0.0000
16-MAR-2002 00 / 1215:   34.5  4.900  55.30  14.70  26.80  19.50  34.20  13.40   3.66  0.0000
16-APR-2002 00 / 1216:  110.5  4.400  67.50  11.90  27.30  21.40  33.30  19.60  11.25  0.0000
16-MAY-2002 00 / 1217:  151.8  3.700  70.20  11.30  25.70  20.10  31.40  22.00  15.62  0.0000
16-JUN-2002 00 / 1218:  172.3  3.000  77.50   9.90  24.00  19.10  29.00  22.70  16.63  0.0000
16-JUL-2002 00 / 1219:  242.3  2.700  86.50   9.10  23.50  19.00  28.10  22.40  19.39  0.0000
16-AUG-2002 00 / 1220:  276.6  2.700  89.20   8.80  23.10  18.70  27.50  22.40  20.70  0.0000
16-SEP-2002 00 / 1221:  336.6  2.700  83.80   9.70  22.90  18.10  27.80  22.10  23.90  0.0000
16-OCT-2002 00 / 1222:  136.0  3.100  70.90  11.40  23.30  17.60  29.00  21.30  12.80  0.0000
16-NOV-2002 00 / 1223:   11.1  3.800  53.50  15.10  23.50  16.00  31.10  15.00   1.57  0.0000
16-DEC-2002 00 / 1224:    0.0  4.100  38.90  17.10  22.20  13.70  30.80  10.90   0.00  0.0000
16-JAN-2003 00 / 1225:    0.0  4.200  46.00  17.50  22.70  14.00  31.50   9.20   0.00  0.0000
15-FEB-2003 00 / 1226:    4.0  4.800  48.80  16.70  25.30  17.00  33.70   9.40   0.00  0.0000
16-MAR-2003 00 / 1227:   35.9  4.700  60.00  14.40  26.40  19.20  33.60  13.90   3.87  0.0000
16-APR-2003 00 / 1228:  165.7  4.300  67.50  11.90  27.00  21.10  33.00  19.70  13.90  0.0000
16-MAY-2003 00 / 1229:  155.6  3.500  71.30  11.30  25.00  19.40  30.70  22.10  15.66  0.0000
16-JUN-2003 00 / 1230:  196.1  2.900  77.50   9.90  23.30  18.40  28.30  22.40  17.75  0.0000
16-JUL-2003 00 / 1231:  259.6  2.600  87.50   9.00  23.00  18.50  27.50  22.40  20.09  0.0000
16-AUG-2003 00 / 1232:  273.5  2.600  89.40   8.70  22.90  18.60  27.30  22.60  20.73  0.0000
16-SEP-2003 00 / 1233:  254.1  2.700  83.80   9.60  23.00  18.20  27.80  22.20  20.78  0.0000
16-OCT-2003 00 / 1234:  135.4  3.200  72.50  11.70  24.00  18.20  29.90  21.10  12.87  0.0000
16-NOV-2003 00 / 1235:   11.0  3.800  53.80  15.00  24.00  16.50  31.50  14.80   1.56  0.0000
16-DEC-2003 00 / 1236:    0.0  4.100  45.00  17.10  22.30  13.80  30.90  10.70   0.00  0.0000
16-JAN-2004 00 / 1237:    0.0  4.200  46.30  17.30  22.60  14.00  31.30   9.00   0.00  0.0000
15-FEB-2004 00 / 1238:    3.7  4.700  48.80  16.60  24.50  16.20  32.80   9.50   0.00  0.0000
16-MAR-2004 00 / 1239:   32.9  4.700  60.00  14.50  26.60  19.40  33.90  14.20   3.63  0.0000
16-APR-2004 00 / 1240:  106.4  4.300  67.50  12.20  27.10  21.00  33.20  19.80  11.05  0.0000
16-MAY-2004 00 / 1241:  152.7  3.600  71.30  10.90  25.20  19.80  30.70  22.10  15.61  0.0000
16-JUN-2004 00 / 1242:  157.1  3.000  77.50   9.90  23.70  18.80  28.70  22.30  16.19  0.0000
16-JUL-2004 00 / 1243:  258.0  2.600  87.50   9.10  23.00  18.50  27.60  22.10  20.00  0.0000
16-AUG-2004 00 / 1244:  274.0  2.700  88.80   8.70  23.40  19.10  27.80  22.40  20.70  0.0000
16-SEP-2004 00 / 1245:  248.8  2.800  83.50   9.90  23.20  18.30  28.20  22.20  20.65  0.0000
16-OCT-2004 00 / 1246:   76.1  3.200  72.50  11.60  24.30  18.50  30.10  21.40  10.05  0.0000
16-NOV-2004 00 / 1247:   12.0  3.800  53.40  15.20  23.80  16.20  31.40  14.80   1.60  0.0000
16-DEC-2004 00 / 1248:    0.0  4.100  45.00  17.30  22.90  14.30  31.60  11.00   0.00  0.0000
16-JAN-2005 00 / 1249:    0.0  4.100  46.20  17.00  21.90  13.40  30.40   9.20   0.00  0.0000
15-FEB-2005 00 / 1250:    9.0  4.900  48.80  16.50  26.90  18.70  35.20  10.10   0.00  0.0000
16-MAR-2005 00 / 1251:    1.0  4.800  60.00  14.50  27.60  20.40  34.90  14.90   0.51  0.0000
16-APR-2005 00 / 1252:  110.0  4.200  67.50  12.00  27.10  21.10  33.10  21.40  11.20  0.0000
16-MAY-2005 00 / 1253:  177.2  3.400  71.30  10.80  25.20  19.80  30.60  24.40  16.60  0.0000
16-JUN-2005 00 / 1254:  190.0  2.800  77.50   9.90  23.50  18.60  28.50  24.40  17.50  0.0000
16-JUL-2005 00 / 1255:  156.7  2.500  87.50   9.00  23.20  18.70  27.70  24.50  16.21  0.0000
16-AUG-2005 00 / 1256:  221.1  2.400  88.80   8.70  22.80  18.50  27.20  24.60  19.03  0.0000
16-SEP-2005 00 / 1257:  275.7  2.700  83.90   9.80  23.30  18.40  28.20  22.90  21.90  0.0000
16-OCT-2005 00 / 1258:  132.4  3.100  72.50  11.60  23.90  18.10  29.70  21.80  12.66  0.0000
16-NOV-2005 00 / 1259:   12.0  3.700  53.80  15.20  23.40  15.80  31.00  15.20   1.60  0.0000
16-DEC-2005 00 / 1260:    0.0  4.200  45.00  17.20  23.40  14.80  32.00  11.40   0.00  0.0000
16-JAN-2006 00 / 1261:    0.0  4.200  46.30  17.30  22.80  14.20  31.50   9.90   0.00  0.0000
15-FEB-2006 00 / 1262:    6.0  4.800  48.80  16.80  25.20  16.80  33.60   9.20   0.00  0.0000
16-MAR-2006 00 / 1263:   11.4  4.800  60.00  14.70  26.80  19.50  34.20  13.70   1.89  0.0000
16-APR-2006 00 / 1264:   10.7  4.200  67.50  12.10  26.20  20.20  32.30  19.70   2.81  0.0000
16-MAY-2006 00 / 1265:  157.0  3.500  71.30  10.80  25.30  19.90  30.70  22.70  15.80  0.0000
16-JUN-2006 00 / 1266:  190.0  3.100  77.50   9.90  24.50  19.60  29.50  23.00  17.50  0.0000
16-JUL-2006 00 / 1267:  254.8  2.700  87.50   9.20  23.50  18.90  28.10  22.50  19.93  0.0000
16-AUG-2006 00 / 1268:  274.0  2.600  89.20   8.70  23.10  18.80  27.50  22.80  20.70  0.0000
16-SEP-2006 00 / 1269:  246.9  2.600  84.20   9.60  22.60  17.80  27.40  22.60  20.57  0.0000
16-OCT-2006 00 / 1270:  138.2  3.200  72.50  11.50  24.10  18.40  29.90  21.80  12.92  0.0000
16-NOV-2006 00 / 1271:   12.0  3.600  53.80  14.90  22.70  15.30  30.20  15.30   1.60  0.0000
16-DEC-2006 00 / 1272:    0.0  3.900  45.00  17.00  21.50  13.00  30.00  11.10   0.00  0.0000
16-JAN-2007 00 / 1273:    0.0  4.100  46.30  17.10  21.70  13.20  30.30   9.30   0.00  0.0000
15-FEB-2007 00 / 1274:    4.0  4.700  48.80  16.60  24.90  16.60  33.20   9.40   0.00  0.0000
16-MAR-2007 00 / 1275:    5.2  4.700  60.00  14.70  26.70  19.40  34.10  14.00   0.55  0.0000
16-APR-2007 00 / 1276:  109.2  4.300  67.50  12.00  27.00  21.00  33.00  20.00  11.33  0.0000
16-MAY-2007 00 / 1277:  157.0  3.600  71.30  10.80  25.70  20.30  31.10  22.90  15.80  0.0000
16-JUN-2007 00 / 1278:  203.3  3.000  77.50   9.90  24.00  19.10  29.00  23.00  18.32  0.0000
16-JUL-2007 00 / 1279:  258.0  2.600  87.50   8.90  23.30  18.90  27.80  22.80  20.00  0.0000
16-AUG-2007 00 / 1280:  282.6  2.600  88.80   9.00  22.70  18.20  27.20  22.90  21.02  0.0000
16-SEP-2007 00 / 1281:  263.7  2.700  84.00   9.60  22.80  18.00  27.60  22.30  21.22  0.0000
16-OCT-2007 00 / 1282:  136.0  3.200  72.50  11.60  23.80  18.00  29.60  21.10  12.80  0.0000
16-NOV-2007 00 / 1283:   12.0  3.800  53.80  15.10  24.10  16.60  31.70  14.90   1.60  0.0000
16-DEC-2007 00 / 1284:    0.0  4.100  45.00  17.10  22.60  14.10  31.20  10.80   0.00  0.0000
16-JAN-2008 00 / 1285:    0.0  4.000  46.30  17.20  21.30  12.70  29.90   9.10   0.00  0.0000
15-FEB-2008 00 / 1286:    4.0  4.600  48.80  16.50  23.80  15.60  32.10   9.00   0.00  0.0000
16-MAR-2008 00 / 1287:   37.0  4.800  60.00  14.70  26.70  19.40  34.10  13.20   3.90  0.0000
16-APR-2008 00 / 1288:   62.4  4.200  67.50  11.90  26.00  20.10  32.00  19.10   9.81  0.0000
16-MAY-2008 00 / 1289:   59.1  3.500  71.30  11.00  24.90  19.40  30.40  21.90  10.17  0.0000
16-JUN-2008 00 / 1290:  181.8  3.100  77.50   9.90  24.00  19.10  29.00  22.60  17.16  0.0000
16-JUL-2008 00 / 1291:  258.0  2.600  87.50   9.00  23.10  18.60  27.60  22.30  20.00  0.0000
16-AUG-2008 00 / 1292:  285.8  2.700  89.30   8.70  23.10  18.80  27.50  22.30  21.12  0.0000
16-SEP-2008 00 / 1293:  202.7  2.800  83.00   9.60  23.10  18.30  27.90  22.40  19.16  0.0000
16-OCT-2008 00 / 1294:  136.3  3.200  72.50  11.50  24.00  18.30  29.80  21.40  13.67  0.0000
16-NOV-2008 00 / 1295:    1.1  3.900  49.90  15.50  23.50  15.80  31.30  14.80   1.60  0.0000
16-DEC-2008 00 / 1296:    0.0  4.100  44.70  15.80  23.10  15.20  31.00  11.00   0.00  0.0000
16-JAN-2009 00 / 1297:    0.0  4.200  46.30  17.30  23.10  14.50  31.80   9.10   0.00  0.0000
15-FEB-2009 00 / 1298:    4.0  4.800  48.80  16.70  25.30  17.00  33.70   9.30   0.00  0.0000
16-MAR-2009 00 / 1299:   34.9  4.800  60.00  14.60  27.10  19.80  34.40  14.00   3.81  0.0000
16-APR-2009 00 / 1300:  110.0  4.300  67.50  12.00  27.00  21.00  33.00  20.00  11.20  0.0000
16-MAY-2009 00 / 1301:  157.0  3.400  71.30  11.00  24.80  19.30  30.30  22.80  15.80  0.0000
16-JUN-2009 00 / 1302:  190.0  3.000  77.50   9.90  24.20  19.30  29.20  23.30  17.50  0.0000
16-JUL-2009 00 / 1303:  202.3  2.800  81.70   9.00  23.40  18.90  27.90  23.10  18.03  0.0000
16-AUG-2009 00 / 1304:  248.9  2.700  89.10   8.70  23.50  19.20  27.90  23.20  20.11  0.0000
16-SEP-2009 00 / 1305:  177.6  2.800  81.00   9.50  23.40  18.70  28.20  22.90  18.06  0.0000
16-OCT-2009 00 / 1306:   99.3  3.000  77.50   9.30  24.00  19.40  28.70  22.30  11.93  0.0000
16-NOV-2009 00 / 1307:   14.5  3.700  53.80  15.00  23.50  16.00  31.00  15.10   1.80  0.0000
16-DEC-2009 00 / 1308:    0.0  4.200  37.60  17.50  22.70  14.00  31.50  10.90   0.00  0.0000
16-JAN-2010 00 / 1309:    0.0  4.400  38.70  18.20  23.20  14.10  32.30   9.40   0.00  0.0000
15-FEB-2010 00 / 1310:    3.8  4.800  48.80  16.80  25.70  17.30  34.10   9.80   0.00  0.0000
16-MAR-2010 00 / 1311:   19.2  4.800  58.90  13.80  27.00  20.10  33.90  14.10  10.22  0.0000
16-APR-2010 00 / 1312:   77.9  4.600  57.30  12.70  27.40  21.10  33.80  19.90  10.90  0.0000
16-MAY-2010 00 / 1313:   94.1  3.700  71.00  10.10  26.20  21.20  31.30  23.20  12.64  0.0000
16-JUN-2010 00 / 1314:  254.7  3.200  70.20  10.40  24.10  18.90  29.30  23.50  20.34  0.0000
16-JUL-2010 00 / 1315:  256.3  2.600  85.60   8.10  23.30  19.30  27.40  23.30  20.19  0.0000
16-AUG-2010 00 / 1316:  197.3  2.600  89.30   8.60  23.00  18.70  27.30  23.00  18.04  0.0000
16-SEP-2010 00 / 1317:  228.1  2.600  83.90   9.10  22.70  18.20  27.30  22.90  20.25  0.0000
16-OCT-2010 00 / 1318:  277.9  2.900  80.60   8.40  24.20  20.00  28.40  22.30  18.96  0.0000
16-NOV-2010 00 / 1319:    1.1  3.700  59.90  12.50  24.30  18.10  30.60  15.50   1.60  0.0000
16-DEC-2010 00 / 1320:    0.0  4.100  40.40  16.90  22.50  14.10  31.00  11.10   0.00  0.0000
