YEAR         X      XX         PRED   PETD   CLDD   DTRD   TMPD   TMND   TMXD   VAPD   WETD    FRSD
16-JAN-1960 00 /  709:   21.5  3.500   72.5  10.20  27.50  22.40  32.60  26.70   2.15  0.0000
15-FEB-1960 00 /  710:   54.9  4.000   70.0  10.20  28.80  23.70  33.90  28.90   2.86  0.0000
16-MAR-1960 00 /  711:   56.7  3.900   71.3   9.20  28.50  23.90  33.10  29.60   7.06  0.0000
16-APR-1960 00 /  712:  234.8  3.600   73.8   8.60  27.30  23.00  31.60  28.90  11.03  0.0000
16-MAY-1960 00 /  713:  197.0  3.300   77.5   8.10  27.30  23.30  31.40  29.90  11.72  0.0000
16-JUN-1960 00 /  714:  287.4  2.600   91.3   7.30  25.70  22.10  29.40  28.50  18.04  0.0000
16-JUL-1960 00 /  715:   56.3  2.500   95.0   6.00  25.40  22.40  28.40  28.00   9.31  0.0000
16-AUG-1960 00 /  716:   78.1  2.600   93.8   6.30  25.40  22.30  28.60  27.50  12.17  0.0000
16-SEP-1960 00 /  717:  165.8  2.700   92.5   6.70  25.90  22.60  29.30  28.40  15.19  0.0000
16-OCT-1960 00 /  718:  211.7  2.900   82.5   7.80  26.40  22.50  30.30  28.90  13.36  0.0000
16-NOV-1960 00 /  719:   52.0  3.200   71.3   8.90  27.30  22.90  31.80  29.30   8.92  0.0000
16-DEC-1960 00 /  720:   39.3  3.300   67.5   9.50  27.80  23.10  32.60  28.60   2.59  0.0000
16-JAN-1961 00 /  721:   17.8  3.300   77.0   9.60  27.80  23.00  32.60  27.30   3.29  0.0000
15-FEB-1961 00 /  722:    2.2  4.300   60.3  11.80  28.30  22.40  34.20  27.40   0.79  0.0000
16-MAR-1961 00 /  723:  123.0  4.400   68.8   9.80  29.50  24.60  34.40  28.80   7.14  0.0000
16-APR-1961 00 /  724:  189.5  3.600   73.6   8.70  27.80  23.50  32.20  30.40  10.98  0.0000
16-MAY-1961 00 /  725:  146.2  3.300   76.4   8.60  27.50  23.20  31.80  30.70  11.33  0.0000
16-JUN-1961 00 /  726:  393.4  2.500   92.4   7.60  25.40  21.60  29.20  28.40  17.13  0.0000
16-JUL-1961 00 /  727:  157.5  2.300   98.3   5.40  24.90  22.20  27.60  27.80  14.06  0.0000
16-AUG-1961 00 /  728:    2.7  2.700   90.5   7.00  24.40  20.90  27.90  25.80   4.38  0.0000
16-SEP-1961 00 /  729:   91.3  2.700   90.0   7.20  25.20  21.60  28.80  27.20  12.17  0.0000
16-OCT-1961 00 /  730:  197.5  3.000   80.9   8.40  26.60  22.40  30.80  28.90  11.17  0.0000
16-NOV-1961 00 /  731:   57.9  3.200   70.7   9.10  27.50  23.00  32.10  29.40   4.90  0.0000
16-DEC-1961 00 /  732:   17.5  3.600   59.2  11.10  27.20  21.70  32.80  26.80   1.24  0.0000
16-JAN-1962 00 /  733:    4.2  3.700   63.5  11.30  27.60  22.00  33.30  27.50   1.14  0.0000
15-FEB-1962 00 /  734:   15.7  4.300   64.0  11.30  28.80  23.20  34.50  28.10   1.42  0.0000
16-MAR-1962 00 /  735:  150.7  4.000   71.5   9.20  28.90  24.30  33.50  30.20   8.76  0.0000
16-APR-1962 00 /  736:  118.7  3.700   73.8   8.90  28.00  23.60  32.50  30.30  10.08  0.0000
16-MAY-1962 00 /  737:  250.0  3.200   76.6   8.50  26.90  22.70  31.20  30.00  13.20  0.0000
16-JUN-1962 00 /  738:  407.9  2.300   92.3   7.30  24.90  21.30  28.60  28.60  20.79  0.0000
16-JUL-1962 00 /  739:  279.5  2.400   96.1   5.80  25.40  22.50  28.30  28.30  14.84  0.0000
16-AUG-1962 00 /  740:  187.5  2.500   93.8   6.40  24.70  21.50  27.90  26.70  14.17  0.0000
16-SEP-1962 00 /  741:   46.7  2.700   92.5   6.70  25.40  22.10  28.80  27.40   9.30  0.0000
16-OCT-1962 00 /  742:  164.0  2.900   82.6   7.90  26.50  22.60  30.50  29.60  13.72  0.0000
16-NOV-1962 00 /  743:   97.9  2.800   76.8   8.30  27.00  22.90  31.20  31.30   9.45  0.0000
16-DEC-1962 00 /  744:   24.1  3.200   68.7   9.30  27.20  22.60  31.90  27.70   2.91  0.0000
16-JAN-1963 00 /  745:   23.4  3.100   82.3   9.30  27.80  23.20  32.50  29.20   1.41  0.0000
15-FEB-1963 00 /  746:   28.5  3.500   74.5   9.30  28.70  24.10  33.40  32.00   4.32  0.0000
16-MAR-1963 00 /  747:   66.7  3.900   69.6   9.40  28.40  23.70  33.10  29.90   6.88  0.0000
16-APR-1963 00 /  748:  203.7  3.500   74.2   8.60  27.90  23.60  32.20  31.00   8.99  0.0000
16-MAY-1963 00 /  749:  211.7  3.100   78.3   7.60  27.20  23.40  31.00  30.60  12.88  0.0000
16-JUN-1963 00 /  750:  254.9  2.700   89.2   7.80  26.20  22.30  30.10  29.30  16.99  0.0000
16-JUL-1963 00 /  751:  388.0  2.600   93.5   6.70  25.90  22.60  29.30  28.90  18.45  0.0000
16-AUG-1963 00 /  752:  292.6  2.600   92.4   6.50  25.80  22.60  29.10  28.70  20.09  0.0000
16-SEP-1963 00 /  753:  220.0  2.700   91.2   7.20  26.50  22.90  30.10  29.40  17.35  0.0000
16-OCT-1963 00 /  754:  158.1  2.900   82.5   7.90  26.60  22.70  30.60  29.80  15.66  0.0000
16-NOV-1963 00 /  755:   57.3  3.400   64.0  10.00  27.20  22.20  32.20  29.40   3.46  0.0000
16-DEC-1963 00 /  756:   16.8  3.400   67.7   9.70  27.80  23.00  32.70  28.10   1.55  0.0000
16-JAN-1964 00 /  757:    0.7  3.400   73.5  10.40  27.60  22.40  32.80  27.30   1.11  0.0000
15-FEB-1964 00 /  758:   43.8  4.100   66.3  10.70  28.90  23.60  34.30  29.10   2.21  0.0000
16-MAR-1964 00 /  759:   91.1  4.000   69.8   9.70  29.30  24.50  34.20  31.40   7.83  0.0000
16-APR-1964 00 /  760:  151.9  3.600   74.1   8.80  28.10  23.70  32.50  30.90  10.58  0.0000
16-MAY-1964 00 /  761:  252.2  3.200   77.5   8.40  26.90  22.70  31.10  29.90  12.71  0.0000
16-JUN-1964 00 /  762:  367.6  2.500   91.4   7.40  25.50  21.80  29.20  28.60  17.35  0.0000
16-JUL-1964 00 /  763:  118.8  2.400   95.4   6.00  24.60  21.60  27.60  26.90  11.43  0.0000
16-AUG-1964 00 /  764:   44.5  2.700   89.0   6.60  24.30  21.00  27.60  26.00   6.91  0.0000
16-SEP-1964 00 /  765:   65.0  2.600   93.4   6.60  25.20  21.90  28.50  26.80  11.15  0.0000
16-OCT-1964 00 /  766:  127.4  2.900   81.2   7.90  26.00  22.10  30.00  28.10   9.89  0.0000
16-NOV-1964 00 /  767:   25.1  3.200   71.4   9.00  27.10  22.60  31.60  29.00   5.39  0.0000
16-DEC-1964 00 /  768:   15.7  3.100   72.8   8.80  27.30  22.90  31.70  28.10   1.55  0.0000
16-JAN-1965 00 /  769:   21.0  3.100   80.7   8.90  27.40  23.00  31.90  27.50   2.60  0.0000
15-FEB-1965 00 /  770:   42.7  3.600   72.6   9.50  28.20  23.50  33.00  29.90   4.37  0.0000
16-MAR-1965 00 /  771:  130.7  4.100   68.4   9.70  28.80  24.00  33.70  30.30   7.37  0.0000
16-APR-1965 00 /  772:  195.7  3.700   72.6   8.80  27.60  23.20  32.00  29.00  10.08  0.0000
16-MAY-1965 00 /  773:  172.9  3.200   77.8   8.40  27.20  23.00  31.40  29.80  12.52  0.0000
16-JUN-1965 00 /  774:  343.0  2.500   92.6   7.20  25.50  21.90  29.10  28.60  17.04  0.0000
16-JUL-1965 00 /  775:  405.7  2.400   96.0   5.90  25.30  22.40  28.30  28.20  16.85  0.0000
16-AUG-1965 00 /  776:  141.1  2.600   95.0   5.70  25.30  22.50  28.20  27.50  13.03  0.0000
16-SEP-1965 00 /  777:  245.7  2.700   91.3   6.90  25.70  22.30  29.20  27.80  11.96  0.0000
16-OCT-1965 00 /  778:  135.6  3.000   81.2   8.20  26.70  22.60  30.80  29.20  10.53  0.0000
16-NOV-1965 00 /  779:   48.8  3.200   73.4   8.80  27.60  23.20  32.00  29.50   3.39  0.0000
16-DEC-1965 00 /  780:   14.1  3.400   64.3  10.30  27.30  22.20  32.50  27.30   0.38  0.0000
16-JAN-1966 00 /  781:    7.8  3.400   72.9   9.90  27.60  22.70  32.60  27.70   1.86  0.0000
15-FEB-1966 00 /  782:   19.4  4.200   65.3  11.10  28.70  23.20  34.30  27.80   1.57  0.0000
16-MAR-1966 00 /  783:   89.6  4.100   68.2   9.60  29.20  24.40  34.00  30.80   6.57  0.0000
16-APR-1966 00 /  784:  125.8  3.700   73.5   8.60  28.30  24.00  32.60  30.90  11.12  0.0000
16-MAY-1966 00 /  785:  239.7  3.200   77.3   8.20  27.40  23.30  31.50  30.30  13.16  0.0000
16-JUN-1966 00 /  786:  272.9  2.600   88.7   7.90  25.90  22.00  29.90  29.10  16.14  0.0000
16-JUL-1966 00 /  787:  200.2  2.700   93.4   6.40  26.20  23.00  29.40  28.80  12.93  0.0000
16-AUG-1966 00 /  788:   55.5  2.600   96.0   6.00  25.50  22.50  28.50  27.80  11.21  0.0000
16-SEP-1966 00 /  789:  103.7  2.600   94.4   6.20  25.70  22.60  28.80  27.90  10.33  0.0000
16-OCT-1966 00 /  790:  181.9  2.900   81.7   7.90  26.50  22.60  30.50  29.50  11.33  0.0000
16-NOV-1966 00 /  791:   59.6  3.000   76.7   9.00  27.50  23.00  32.00  30.20   4.37  0.0000
16-DEC-1966 00 /  792:   14.9  3.300   64.2   9.90  27.40  22.50  32.40  29.10   2.19  0.0000
16-JAN-1967 00 /  793:   11.1  3.900   54.5  12.80  26.80  20.40  33.20  25.20   0.40  0.0000
15-FEB-1967 00 /  794:   11.9  4.000   67.7  10.70  29.00  23.70  34.40  29.80   2.56  0.0000
16-MAR-1967 00 /  795:   78.3  4.000   69.4   9.80  28.50  23.60  33.40  30.10   8.80  0.0000
16-APR-1967 00 /  796:  125.9  3.600   73.9   8.50  27.90  23.70  32.20  30.80  10.01  0.0000
16-MAY-1967 00 /  797:  133.2  3.100   78.0   7.90  27.00  23.10  31.00  30.30  11.94  0.0000
16-JUN-1967 00 /  798:  308.8  2.500   92.1   7.10  25.40  21.90  29.00  28.40  16.90  0.0000
16-JUL-1967 00 /  799:  257.1  2.500   96.8   5.50  25.10  22.40  27.90  27.20  12.60  0.0000
16-AUG-1967 00 /  800:   17.3  2.600   94.5   6.30  24.90  21.80  28.10  26.90   8.27  0.0000
16-SEP-1967 00 /  801:   84.5  2.700   91.4   6.90  25.40  22.00  28.90  27.50  12.44  0.0000
16-OCT-1967 00 /  802:  162.1  2.900   83.3   7.70  26.40  22.60  30.30  28.90  11.82  0.0000
16-NOV-1967 00 /  803:   50.2  3.200   69.9   9.00  27.30  22.80  31.80  29.50   6.30  0.0000
16-DEC-1967 00 /  804:   17.5  2.900   79.5   8.20  27.50  23.40  31.60  29.00   3.13  0.0000
16-JAN-1968 00 /  805:    5.0  3.200   75.3   9.90  26.80  21.90  31.80  26.70   1.23  0.0000
15-FEB-1968 00 /  806:   59.3  3.700   72.7   9.80  28.80  23.90  33.70  30.70   4.20  0.0000
16-MAR-1968 00 /  807:   52.8  3.700   73.9   8.50  28.60  24.40  32.90  30.90   6.21  0.0000
16-APR-1968 00 /  808:  183.1  3.500   74.5   8.70  27.70  23.40  32.10  30.80  11.28  0.0000
16-MAY-1968 00 /  809:  144.6  3.200   77.5   8.00  27.30  23.30  31.30  30.10  11.55  0.0000
16-JUN-1968 00 /  810:  345.7  2.400   92.2   7.20  25.70  22.10  29.30  29.40  17.14  0.0000
16-JUL-1968 00 /  811:  576.4  2.500   93.9   6.20  25.80  22.70  28.90  29.00  19.73  0.0000
16-AUG-1968 00 /  812:  428.2  2.600   92.8   6.30  26.00  22.90  29.20  29.40  21.28  0.0000
16-SEP-1968 00 /  813:  392.1  2.500   93.7   6.70  25.60  22.30  29.00  28.60  18.64  0.0000
16-OCT-1968 00 /  814:  210.0  3.000   80.7   8.30  26.70  22.60  30.90  29.70  14.37  0.0000
16-NOV-1968 00 /  815:   41.6  3.100   73.5   8.50  27.60  23.40  31.90  30.90   4.27  0.0000
16-DEC-1968 00 /  816:   12.1  3.100   72.8   8.80  27.90  23.50  32.30  30.10   1.91  0.0000
16-JAN-1969 00 /  817:   18.4  3.500   66.9  10.70  27.60  22.30  33.00  28.40   1.53  0.0000
15-FEB-1969 00 /  818:   19.6  4.000   68.3  10.50  29.40  24.20  34.70  31.50   2.19  0.0000
16-MAR-1969 00 /  819:  135.9  3.900   72.0   9.10  29.20  24.70  33.80  32.00   8.84  0.0000
16-APR-1969 00 /  820:  139.1  3.800   74.3   8.80  28.80  24.40  33.20  31.40   9.92  0.0000
16-MAY-1969 00 /  821:  228.3  3.300   77.9   8.50  27.90  23.70  32.20  30.90  11.96  0.0000
16-JUN-1969 00 /  822:  316.8  2.700   88.2   7.40  26.40  22.70  30.10  29.70  15.94  0.0000
16-JUL-1969 00 /  823:  239.3  2.500   95.5   5.60  25.60  22.80  28.40  28.10  12.80  0.0000
16-AUG-1969 00 /  824:  110.7  2.700   90.4   6.10  25.40  22.40  28.50  27.90  12.09  0.0000
16-SEP-1969 00 /  825:   56.9  2.600   93.7   6.20  25.80  22.70  28.90  28.00  10.50  0.0000
16-OCT-1969 00 /  826:  179.9  2.900   81.5   8.00  26.50  22.50  30.50  29.70  13.89  0.0000
16-NOV-1969 00 /  827:   40.2  3.300   66.7   9.30  27.30  22.70  32.00  30.20   6.52  0.0000
16-DEC-1969 00 /  828:    3.8  3.300   68.5   9.30  28.30  23.70  33.00  30.40   0.24  0.0000
16-JAN-1970 00 /  829:   59.5  3.000   80.9   8.60  28.00  23.70  32.30  30.20   3.58  0.0000
15-FEB-1970 00 /  830:   13.2  3.800   73.8   9.90  29.50  24.60  34.50  31.30   1.45  0.0000
16-MAR-1970 00 /  831:   62.9  3.900   70.7   9.20  29.20  24.60  33.80  32.10   7.04  0.0000
16-APR-1970 00 /  832:  132.1  3.800   74.0   8.80  28.80  24.40  33.20  31.40   8.56  0.0000
16-MAY-1970 00 /  833:  250.5  3.200   78.0   7.80  27.50  23.60  31.40  30.50  13.83  0.0000
16-JUN-1970 00 /  834:  264.7  2.600   89.7   7.80  26.20  22.30  30.10  29.40  14.87  0.0000
16-JUL-1970 00 /  835:  177.1  2.400   94.3   6.40  24.90  21.70  28.10  27.70  11.02  0.0000
16-AUG-1970 00 /  836:   19.7  2.500   94.9   6.20  25.00  21.90  28.10  27.10   9.74  0.0000
16-SEP-1970 00 /  837:  232.8  2.500   93.3   6.60  25.50  22.20  28.80  28.40  15.27  0.0000
16-OCT-1970 00 /  838:  240.2  2.900   82.6   8.10  26.50  22.50  30.60  29.60  12.75  0.0000
16-NOV-1970 00 /  839:   48.8  3.300   67.5   9.60  27.40  22.60  32.20  29.60   3.61  0.0000
16-DEC-1970 00 /  840:    0.0  3.500   57.5  11.00  27.00  21.50  32.50  27.90   0.00  0.0000
16-JAN-1971 00 /  841:   37.5  3.400   68.0  10.40  26.70  21.50  31.90  26.30   0.92  0.0000
15-FEB-1971 00 /  842:   64.0  3.500   72.2   9.80  27.70  22.80  32.60  29.80   3.79  0.0000
16-MAR-1971 00 /  843:   70.9  3.600   72.0   9.30  28.10  23.50  32.80  31.80   6.58  0.0000
16-APR-1971 00 /  844:   74.3  3.600   73.0   9.00  27.80  23.30  32.30  30.50   8.10  0.0000
16-MAY-1971 00 /  845:  137.1  3.300   75.9   8.70  27.10  22.80  31.50  29.80  11.93  0.0000
16-JUN-1971 00 /  846:  173.6  2.500   89.0   7.70  25.30  21.50  29.20  28.60  14.84  0.0000
16-JUL-1971 00 /  847:  213.6  2.500   93.5   6.40  24.70  21.50  27.90  26.80  14.85  0.0000
16-AUG-1971 00 /  848:   32.5  2.300   95.1   5.80  24.00  21.10  26.90  26.60   9.23  0.0000
16-SEP-1971 00 /  849:  201.7  2.500   91.5   6.70  24.70  21.40  28.10  27.40  14.78  0.0000
16-OCT-1971 00 /  850:   69.6  2.900   80.6   8.40  26.00  21.80  30.20  28.30   8.10  0.0000
16-NOV-1971 00 /  851:   26.5  3.400   64.6   9.90  27.10  22.20  32.10  28.60   3.80  0.0000
16-DEC-1971 00 /  852:   27.2  3.400   57.5  11.10  26.40  20.90  32.00  27.00   2.29  0.0000
16-JAN-1972 00 /  853:   22.4  3.400   72.1  10.30  27.30  22.20  32.50  27.40   1.54  0.0000
15-FEB-1972 00 /  854:   48.7  3.700   72.0   9.80  28.40  23.50  33.30  30.40   3.76  0.0000
16-MAR-1972 00 /  855:   73.4  3.800   68.7   9.70  28.00  23.20  32.90  30.80   6.71  0.0000
16-APR-1972 00 /  856:  149.4  3.400   73.4   8.80  27.10  22.70  31.50  30.70  10.60  0.0000
16-MAY-1972 00 /  857:  185.4  3.000   77.7   8.00  26.80  22.80  30.80  30.80  12.97  0.0000
16-JUN-1972 00 /  858:  311.6  2.500   89.1   7.70  25.20  21.40  29.10  28.40  16.88  0.0000
16-JUL-1972 00 /  859:   51.0  2.400   93.7   6.30  25.30  22.20  28.50  28.60  11.05  0.0000
16-AUG-1972 00 /  860:   31.9  2.600   92.3   6.90  24.70  21.30  28.20  26.90   7.93  0.0000
16-SEP-1972 00 /  861:  117.5  2.600   91.9   6.80  25.60  22.20  29.00  28.00  11.97  0.0000
16-OCT-1972 00 /  862:   69.4  2.800   82.5   7.90  26.30  22.40  30.30  29.30  10.16  0.0000
16-NOV-1972 00 /  863:   11.7  3.500   62.2  10.20  27.50  22.40  32.60  28.90   2.59  0.0000
16-DEC-1972 00 /  864:   19.5  3.300   64.2  10.00  27.60  22.60  32.60  29.00   4.48  0.0000
16-JAN-1973 00 /  865:   10.5  3.400   74.6  10.50  28.10  22.90  33.40  28.00   0.34  0.0000
15-FEB-1973 00 /  866:   29.3  4.000   71.3  10.10  29.70  24.70  34.80  31.20   1.04  0.0000
16-MAR-1973 00 /  867:   84.9  4.100   70.2   9.80  29.00  24.10  33.90  29.70   6.79  0.0000
16-APR-1973 00 /  868:  105.2  3.800   71.9   9.20  28.60  24.00  33.20  30.90   7.95  0.0000
16-MAY-1973 00 /  869:  130.8  3.300   75.7   8.80  27.40  23.00  31.80  30.20  11.82  0.0000
16-JUN-1973 00 /  870:  176.5  2.600   89.1   7.90  25.90  22.00  29.90  29.60  14.70  0.0000
16-JUL-1973 00 /  871:   83.3  2.600   91.8   6.80  25.60  22.20  29.00  28.60  10.77  0.0000
16-AUG-1973 00 /  872:  158.8  2.500   93.3   6.60  25.10  21.80  28.40  28.30  15.57  0.0000
16-SEP-1973 00 /  873:  243.6  2.500   92.5   6.70  25.30  22.00  28.70  28.50  15.55  0.0000
16-OCT-1973 00 /  874:  164.4  2.900   79.8   8.40  26.20  22.00  30.40  29.80  12.99  0.0000
16-NOV-1973 00 /  875:   31.0  3.500   60.4  10.60  27.00  21.70  32.30  28.30   2.02  0.0000
16-DEC-1973 00 /  876:   36.0  3.000   71.1   9.10  27.00  22.50  31.60  28.90   2.92  0.0000
16-JAN-1974 00 /  877:   49.6  3.300   74.0  10.10  26.50  21.50  31.60  25.60   2.81  0.0000
15-FEB-1974 00 /  878:   26.3  3.900   67.5  10.20  28.20  23.10  33.30  28.40   2.45  0.0000
16-MAR-1974 00 /  879:  129.7  3.700   72.2   9.30  28.50  23.90  33.20  31.40   8.66  0.0000
16-APR-1974 00 /  880:  114.9  3.500   73.7   8.70  27.50  23.20  31.90  30.90   9.36  0.0000
16-MAY-1974 00 /  881:  183.1  3.100   77.6   7.80  26.50  22.60  30.40  29.70  12.39  0.0000
16-JUN-1974 00 /  882:  238.6  2.500   89.2   7.80  25.30  21.40  29.20  28.70  16.79  0.0000
16-JUL-1974 00 /  883:  217.6  2.400   93.6   6.20  24.70  21.60  27.80  27.20  16.17  0.0000
16-AUG-1974 00 /  884:   36.7  2.600   92.7   6.70  24.80  21.50  28.20  27.00   8.55  0.0000
16-SEP-1974 00 /  885:  209.9  2.400   93.6   6.30  24.70  21.60  27.90  27.70  14.62  0.0000
16-OCT-1974 00 /  886:   97.0  2.700   83.1   7.60  25.70  21.90  29.50  29.10  10.43  0.0000
16-NOV-1974 00 /  887:   13.3  3.300   67.7   9.50  27.10  22.40  31.90  28.90   4.03  0.0000
16-DEC-1974 00 /  888:    1.9  3.500   57.9  11.00  26.60  21.10  32.10  25.70   0.28  0.0000
16-JAN-1975 00 /  889:    0.9  4.100   48.8  13.00  26.60  20.10  33.10  24.50   0.00  0.0000
15-FEB-1975 00 /  890:   73.4  3.600   71.4   9.90  27.90  23.00  32.90  29.70   4.47  0.0000
16-MAR-1975 00 /  891:   40.4  3.700   73.6   8.80  28.30  23.90  32.70  30.80   6.22  0.0000
16-APR-1975 00 /  892:  215.7  3.500   73.6   9.00  27.30  22.80  31.80  30.50  11.39  0.0000
16-MAY-1975 00 /  893:  147.1  3.100   77.6   8.10  26.60  22.60  30.70  30.10  12.17  0.0000
16-JUN-1975 00 /  894:  161.3  2.400   92.3   7.50  25.30  21.60  29.10  28.60  12.92  0.0000
16-JUL-1975 00 /  895:  306.8  2.300   94.1   6.20  24.60  21.50  27.70  27.80  17.72  0.0000
16-AUG-1975 00 /  896:   62.6  2.300   96.7   5.80  24.10  21.20  27.00  26.60  10.88  0.0000
16-SEP-1975 00 /  897:   55.3  2.400   94.4   6.30  24.40  21.30  27.60  26.90   9.30  0.0000
16-OCT-1975 00 /  898:  148.6  2.800   81.0   8.30  25.70  21.60  29.90  28.50  12.14  0.0000
16-NOV-1975 00 /  899:   58.6  3.000   71.9   8.70  26.80  22.50  31.20  29.70   4.68  0.0000
16-DEC-1975 00 /  900:   36.4  3.300   60.4  10.60  26.50  21.20  31.80  27.50   4.94  0.0000
16-JAN-1976 00 /  901:    0.2  3.400   68.3  10.90  26.60  21.20  32.10  26.60   0.37  0.0000
15-FEB-1976 00 /  902:   98.3  3.300   74.5   9.10  27.70  23.20  32.30  31.10   5.57  0.0000
16-MAR-1976 00 /  903:  132.9  3.600   73.1   8.60  27.90  23.60  32.20  30.60   7.20  0.0000
16-APR-1976 00 /  904:  184.9  3.500   73.4   8.80  27.30  22.90  31.70  29.80  10.19  0.0000
16-MAY-1976 00 /  905:  101.9  3.100   78.0   8.20  26.80  22.70  30.90  30.10  11.26  0.0000
16-JUN-1976 00 /  906:  317.5  2.400   92.3   7.10  24.90  21.40  28.50  28.40  15.66  0.0000
16-JUL-1976 00 /  907:   62.2  2.400   95.9   6.00  24.70  21.70  27.70  26.80   9.00  0.0000
16-AUG-1976 00 /  908:   18.0  2.500   94.7   6.20  24.30  21.20  27.40  25.90   6.80  0.0000
16-SEP-1976 00 /  909:   60.8  2.700   90.4   7.00  25.40  21.90  28.90  27.20   8.46  0.0000
16-OCT-1976 00 /  910:   96.3  2.500   86.9   6.50  25.30  22.10  28.60  29.20  11.92  0.0000
16-NOV-1976 00 /  911:   40.6  2.600   80.6   8.00  26.50  22.50  30.50  30.80   8.07  0.0000
16-DEC-1976 00 /  912:    5.8  3.200   69.0   9.50  27.00  22.30  31.80  27.90   2.84  0.0000
16-JAN-1977 00 /  913:   38.0  2.900   86.3   8.30  27.70  23.60  31.90  29.00   2.52  0.0000
15-FEB-1977 00 /  914:   10.0  3.800   73.7   9.50  28.40  23.70  33.20  28.20   0.88  0.0000
16-MAR-1977 00 /  915:   35.7  4.300   68.4  10.00  28.70  23.70  33.70  27.60   3.91  0.0000
16-APR-1977 00 /  916:  126.4  3.900   73.5   9.00  28.70  24.20  33.20  29.70   8.90  0.0000
16-MAY-1977 00 /  917:  171.0  3.300   77.7   8.10  27.60  23.60  31.70  29.80  11.86  0.0000
16-JUN-1977 00 /  918:  154.2  2.500   92.3   7.20  25.70  22.10  29.30  28.80  14.80  0.0000
16-JUL-1977 00 /  919:   89.1  2.600   95.9   6.00  25.50  22.50  28.50  27.50  11.57  0.0000
16-AUG-1977 00 /  920:   26.2  2.600   94.3   6.30  24.70  21.60  27.90  26.60   7.41  0.0000
16-SEP-1977 00 /  921:   98.7  2.600   93.7   6.70  25.50  22.20  28.90  28.20  11.17  0.0000
16-OCT-1977 00 /  922:  118.5  2.800   82.5   8.00  26.20  22.20  30.20  29.10   9.77  0.0000
16-NOV-1977 00 /  923:   18.0  3.400   67.6   9.50  27.50  22.80  32.30  28.00   1.71  0.0000
16-DEC-1977 00 /  924:   14.9  3.400   64.6  10.00  26.80  21.80  31.80  26.40   2.08  0.0000
16-JAN-1978 00 /  925:   19.0  3.700   64.5  10.80  27.70  22.30  33.10  27.30   1.94  0.0000
15-FEB-1978 00 /  926:   59.1  3.800   72.2   9.50  29.30  24.60  34.10  30.90   2.56  0.0000
16-MAR-1978 00 /  927:  125.5  3.500   72.2   9.20  28.00  23.40  32.60  32.20   9.11  0.0000
16-APR-1978 00 /  928:  266.5  3.200   74.6   8.40  26.80  22.60  31.00  31.20  12.79  0.0000
16-MAY-1978 00 /  929:  223.7  3.000   77.6   8.10  26.60  22.60  30.70  30.70  13.27  0.0000
16-JUN-1978 00 /  930:  201.9  2.500   90.0   7.40  25.30  21.60  29.00  28.80  14.55  0.0000
16-JUL-1978 00 /  931:  133.5  2.400   96.0   6.00  24.50  21.50  27.50  26.70  13.05  0.0000
16-AUG-1978 00 /  932:   32.4  2.600   91.5   7.20  24.80  21.20  28.40  26.90   6.00  0.0000
16-SEP-1978 00 /  933:  121.5  2.600   92.0   7.10  25.20  21.70  28.80  27.30  10.47  0.0000
16-OCT-1978 00 /  934:  194.7  2.700   84.1   7.60  26.10  22.30  29.90  29.80  11.72  0.0000
16-NOV-1978 00 /  935:   42.9  3.200   69.0   9.10  26.80  22.30  31.40  29.10   6.39  0.0000
16-DEC-1978 00 /  936:   14.7  3.200   70.5   9.10  27.70  23.20  32.30  29.30   0.99  0.0000
16-JAN-1979 00 /  937:    1.8  3.200   81.1   8.70  28.20  23.90  32.60  28.80   1.85  0.0000
15-FEB-1979 00 /  938:   25.3  3.900   71.6   9.70  28.60  23.80  33.50  28.60   1.35  0.0000
16-MAR-1979 00 /  939:   54.2  4.000   72.2   9.30  29.00  24.40  33.70  29.80   5.74  0.0000
16-APR-1979 00 /  940:  112.9  3.600   74.4   8.40  28.20  24.00  32.40  30.90  10.09  0.0000
16-MAY-1979 00 /  941:  270.5  3.100   79.1   7.80  26.90  23.00  30.80  30.10  14.56  0.0000
16-JUN-1979 00 /  942:  203.8  2.300   95.1   6.70  25.20  21.90  28.60  29.20  16.11  0.0000
16-JUL-1979 00 /  943:  258.5  2.300   96.1   5.70  25.10  22.30  28.00  28.30  16.18  0.0000
16-AUG-1979 00 /  944:  257.3  2.500   95.5   6.00  25.40  22.40  28.40  28.30  17.65  0.0000
16-SEP-1979 00 /  945:  234.7  2.600   93.8   6.70  25.60  22.30  29.00  28.40  16.39  0.0000
16-OCT-1979 00 /  946:  118.1  2.700   84.1   7.80  26.40  22.50  30.30  30.20  13.12  0.0000
16-NOV-1979 00 /  947:   71.0  2.800   78.6   7.70  27.40  23.60  31.30  31.60   8.79  0.0000
16-DEC-1979 00 /  948:    2.1  3.200   70.7   9.20  26.70  22.10  31.30  26.50   1.01  0.0000
16-JAN-1980 00 /  949:   18.3  3.100   80.5   8.90  28.10  23.70  32.60  30.20   1.01  0.0000
15-FEB-1980 00 /  950:   64.1  3.800   74.1   9.40  28.80  24.10  33.50  29.50   3.30  0.0000
16-MAR-1980 00 /  951:   47.2  3.900   71.0   9.20  28.80  24.20  33.40  30.70   5.48  0.0000
16-APR-1980 00 /  952:   88.2  3.800   73.5   8.80  28.60  24.20  33.00  30.70   8.69  0.0000
16-MAY-1980 00 /  953:  206.1  3.100   78.5   7.30  26.90  23.30  30.60  30.50   9.86  0.0000
16-JUN-1980 00 /  954:  193.5  2.400   94.4   6.60  26.00  22.70  29.30  29.60  14.94  0.0000
16-JUL-1980 00 /  955:   82.6  2.400   95.3   5.50  25.00  22.30  27.80  27.90  12.01  0.0000
16-AUG-1980 00 /  956:  300.9  2.400   94.8   6.20  24.90  21.80  28.00  27.70  19.83  0.0000
16-SEP-1980 00 /  957:  263.4  2.600   91.3   6.90  25.80  22.40  29.30  28.80  14.30  0.0000
16-OCT-1980 00 /  958:  135.6  2.600   86.6   7.20  26.00  22.40  29.60  29.90  13.63  0.0000
16-NOV-1980 00 /  959:   75.2  3.000   72.4   8.50  27.10  22.90  31.40  31.10   7.02  0.0000
16-DEC-1980 00 /  960:    0.2  3.300   67.1  10.40  26.20  21.00  31.40  25.50   0.66  0.0000
16-JAN-1981 00 /  961:    6.4  3.400   74.3  10.10  27.20  22.20  32.30  26.30   0.33  0.0000
15-FEB-1981 00 /  962:    8.6  4.000   72.1   9.70  29.50  24.70  34.40  29.80   1.56  0.0000
16-MAR-1981 00 /  963:   65.9  4.100   72.1   9.10  29.40  24.90  34.00  30.60   5.94  0.0000
16-APR-1981 00 /  964:  116.1  3.900   72.8   8.50  29.00  24.80  33.30  31.10   8.78  0.0000
16-MAY-1981 00 /  965:  196.1  3.300   75.9   7.90  27.50  23.60  31.50  30.70  13.11  0.0000
16-JUN-1981 00 /  966:  298.9  2.700   88.9   7.70  26.40  22.60  30.30  29.60  16.70  0.0000
16-JUL-1981 00 /  967:   72.4  2.400   96.5   5.20  25.40  22.80  28.00  27.90  10.50  0.0000
16-AUG-1981 00 /  968:   78.7  2.600   95.7   5.90  25.60  22.70  28.60  27.50  10.33  0.0000
16-SEP-1981 00 /  969:  241.3  2.700   92.5   6.80  26.30  22.90  29.70  28.50  13.66  0.0000
16-OCT-1981 00 /  970:  142.1  3.000   82.2   7.80  27.40  23.50  31.30  30.10  11.62  0.0000
16-NOV-1981 00 /  971:   17.2  3.400   68.2   9.40  27.70  23.00  32.40  28.10   3.43  0.0000
16-DEC-1981 00 /  972:    0.5  3.400   70.6   9.00  28.50  24.00  33.00  28.60   0.37  0.0000
16-JAN-1982 00 /  973:    8.4  3.800   71.0  10.80  28.00  22.60  33.40  24.20   1.32  0.0000
15-FEB-1982 00 /  974:   50.1  3.900   73.0   9.80  29.10  24.20  34.00  29.80   4.89  0.0000
16-MAR-1982 00 /  975:   54.3  3.900   73.3   8.50  29.30  25.10  33.60  31.30   6.70  0.0000
16-APR-1982 00 /  976:  155.7  3.700   74.1   8.30  28.70  24.60  32.90  31.60  10.40  0.0000
16-MAY-1982 00 /  977:  168.8  3.100   78.5   7.40  27.30  23.60  31.00  30.70  11.92  0.0000
16-JUN-1982 00 /  978:  276.6  2.500   95.5   6.40  26.30  23.10  29.50  29.40  14.02  0.0000
16-JUL-1982 00 /  979:  153.8  2.400   97.4   5.50  25.40  22.70  28.20  28.00  11.25  0.0000
16-AUG-1982 00 /  980:    4.7  2.600   96.5   5.60  25.30  22.50  28.10  26.90   6.06  0.0000
16-SEP-1982 00 /  981:   40.0  2.800   93.5   6.50  26.40  23.20  29.70  27.90  10.71  0.0000
16-OCT-1982 00 /  982:  112.9  2.900   83.4   7.30  26.90  23.30  30.60  29.40  12.23  0.0000
16-NOV-1982 00 /  983:   30.4  3.200   72.8   8.70  27.50  23.20  31.90  29.10   4.14  0.0000
16-DEC-1982 00 /  984:    5.3  3.400   68.3   9.10  28.00  23.50  32.60  27.70   0.49  0.0000
16-JAN-1983 00 /  985:    0.0  3.900   61.8  12.40  26.40  20.20  32.60  22.30   0.00  0.0000
15-FEB-1983 00 /  986:    2.2  4.400   64.5  11.40  29.60  23.90  35.30  29.00   1.11  0.0000
16-MAR-1983 00 /  987:   36.3  4.700   68.4   9.70  30.40  25.60  35.30  28.30   3.92  0.0000
16-APR-1983 00 /  988:   66.6  4.100   72.1   8.80  29.90  25.50  34.30  31.70   7.68  0.0000
16-MAY-1983 00 /  989:  248.4  3.400   77.3   7.70  28.40  24.60  32.30  31.30  14.62  0.0000
16-JUN-1983 00 /  990:  334.7  2.400   94.3   6.40  26.20  23.00  29.40  29.80  16.68  0.0000
16-JUL-1983 00 /  991:   70.6  2.600   95.3   6.00  25.80  22.80  28.80  28.30   8.54  0.0000
16-AUG-1983 00 /  992:   27.4  2.600   95.4   6.00  25.40  22.40  28.40  27.30   6.56  0.0000
16-SEP-1983 00 /  993:  128.9  2.700   93.9   6.40  26.40  23.20  29.60  28.70  11.99  0.0000
16-OCT-1983 00 /  994:   34.6  3.100   84.4   7.60  27.80  24.00  31.60  28.90   6.48  0.0000
16-NOV-1983 00 /  995:   24.9  3.300   74.2   7.80  28.50  24.60  32.40  30.00   3.38  0.0000
16-DEC-1983 00 /  996:   24.1  2.900   80.1   7.70  27.90  24.10  31.80  29.20   3.59  0.0000
16-JAN-1984 00 /  997:    6.1  3.600   71.5  10.30  28.20  23.10  33.40  26.70   0.23  0.0000
15-FEB-1984 00 /  998:   15.9  4.400   68.2  10.80  29.50  24.10  34.90  27.50   1.01  0.0000
16-MAR-1984 00 /  999:   61.3  3.900   74.5   8.50  29.60  25.40  33.90  31.80   8.24  0.0000
16-APR-1984 00 / 1000:   97.1  3.600   75.6   7.60  28.50  24.70  32.30  31.30   9.13  0.0000
16-MAY-1984 00 / 1001:  157.0  3.200   78.2   7.40  27.50  23.80  31.20  30.70  13.48  0.0000
16-JUN-1984 00 / 1002:  167.1  2.600   89.6   7.20  26.30  22.70  29.90  29.50  14.32  0.0000
16-JUL-1984 00 / 1003:  104.4  2.700   91.4   6.80  26.10  22.70  29.50  28.50  10.30  0.0000
16-AUG-1984 00 / 1004:  154.4  2.800   91.6   6.90  26.30  22.90  29.80  28.40  13.66  0.0000
16-SEP-1984 00 / 1005:  277.1  2.800   91.5   7.00  26.20  22.70  29.70  28.40  17.31  0.0000
16-OCT-1984 00 / 1006:  167.7  3.000   82.3   7.70  27.10  23.30  31.00  29.70  11.92  0.0000
16-NOV-1984 00 / 1007:   29.9  3.200   76.6   8.20  28.30  24.20  32.40  30.20   3.78  0.0000
16-DEC-1984 00 / 1008:    3.0  3.400   66.2   9.60  27.40  22.60  32.20  26.20   0.57  0.0000
16-JAN-1985 00 / 1009:   12.1  3.300   81.3   8.80  28.50  24.10  32.90  28.20   1.44  0.0000
15-FEB-1985 00 / 1010:   14.9  4.400   64.1  11.20  29.10  23.50  34.70  26.90   3.43  0.0000
16-MAR-1985 00 / 1011:   61.2  3.900   75.2   8.60  29.60  25.30  33.90  31.40   4.13  0.0000
16-APR-1985 00 / 1012:  139.8  3.700   74.6   7.80  28.60  24.70  32.50  31.20   9.48  0.0000
16-MAY-1985 00 / 1013:  248.0  3.100   79.3   7.10  27.30  23.80  30.90  30.40  13.69  0.0000
16-JUN-1985 00 / 1014:  141.6  2.600   92.0   7.30  26.20  22.60  29.90  28.90  14.33  0.0000
16-JUL-1985 00 / 1015:  120.8  2.600   93.7   6.30  25.40  22.30  28.60  27.90  14.22  0.0000
16-AUG-1985 00 / 1016:   99.2  2.700   93.1   6.30  25.90  22.80  29.10  28.10  12.85  0.0000
16-SEP-1985 00 / 1017:  193.1  2.800   89.5   7.30  25.90  22.30  29.60  28.10  15.42  0.0000
16-OCT-1985 00 / 1018:  133.2  3.200   79.0   8.70  27.10  22.80  31.50  29.20  11.49  0.0000
16-NOV-1985 00 / 1019:   46.3  3.100   76.4   8.00  28.40  24.40  32.40  30.80   3.23  0.0000
16-DEC-1985 00 / 1020:    0.4  3.500   65.3  10.30  26.90  21.80  32.10  24.30   0.00  0.0000
16-JAN-1986 00 / 1021:    7.0  3.500   78.2   9.80  28.00  23.10  32.90  26.20   1.93  0.0000
15-FEB-1986 00 / 1022:   42.6  3.900   74.1   9.20  29.60  25.00  34.20  30.40   3.81  0.0000
16-MAR-1986 00 / 1023:   87.5  3.600   75.2   7.90  28.80  24.90  32.80  32.00   7.98  0.0000
16-APR-1986 00 / 1024:   83.4  3.700   74.4   8.20  28.90  24.80  33.00  31.60   8.06  0.0000
16-MAY-1986 00 / 1025:  130.8  3.500   75.7   8.40  28.10  23.90  32.30  30.40  10.76  0.0000
16-JUN-1986 00 / 1026:  199.7  2.600   92.0   7.20  26.20  22.60  29.80  28.80  16.51  0.0000
16-JUL-1986 00 / 1027:   92.7  2.300   96.1   5.50  25.00  22.30  27.80  28.10  11.42  0.0000
16-AUG-1986 00 / 1028:   10.1  2.500   96.4   6.60  25.10  21.80  28.40  27.30   6.99  0.0000
16-SEP-1986 00 / 1029:  127.8  2.600   94.6   6.30  25.80  22.70  29.00  28.20  13.62  0.0000
16-OCT-1986 00 / 1030:  223.2  2.900   83.3   7.40  26.70  23.00  30.40  29.30  13.18  0.0000
16-NOV-1986 00 / 1031:   22.9  3.000   77.4   7.90  27.40  23.50  31.40  29.70   2.64  0.0000
16-DEC-1986 00 / 1032:    0.0  3.600   61.7  10.50  27.10  21.90  32.40  25.00   0.00  0.0000
16-JAN-1987 00 / 1033:    1.2  3.300   78.0   9.20  28.60  24.00  33.20  29.20   0.54  0.0000
15-FEB-1987 00 / 1034:   47.8  3.900   73.4   9.30  29.70  25.10  34.40  31.30   3.32  0.0000
16-MAR-1987 00 / 1035:  108.1  4.000   72.0   8.70  29.30  25.00  33.70  30.70   7.59  0.0000
16-APR-1987 00 / 1036:   55.7  4.300   72.2   8.60  30.10  25.80  34.40  30.50   6.03  0.0000
16-MAY-1987 00 / 1037:  131.5  3.600   76.1   8.40  28.70  24.50  32.90  30.80  11.18  0.0000
16-JUN-1987 00 / 1038:  217.7  2.800   89.7   7.40  27.10  23.40  30.80  29.90  15.04  0.0000
16-JUL-1987 00 / 1039:  115.1  2.800   91.7   6.70  26.90  23.60  30.30  29.50  12.03  0.0000
16-AUG-1987 00 / 1040:  397.0  2.700   93.8   6.20  26.70  23.60  29.80  29.70  20.82  0.0000
16-SEP-1987 00 / 1041:  443.1  2.700   92.8   6.70  26.80  23.50  30.20  29.80  18.61  0.0000
16-OCT-1987 00 / 1042:  156.4  3.000   83.4   7.60  27.40  23.60  31.20  30.30  13.47  0.0000
16-NOV-1987 00 / 1043:   16.4  3.500   68.6   9.20  28.90  24.30  33.50  30.80   0.87  0.0000
16-DEC-1987 00 / 1044:    3.4  3.500   66.0   9.80  28.10  23.20  33.00  27.50   1.18  0.0000
16-JAN-1988 00 / 1045:    8.9  3.500   77.9   9.60  28.20  23.40  33.00  26.60   3.14  0.0000
15-FEB-1988 00 / 1046:   68.7  4.000   73.5   9.20  29.80  25.20  34.40  29.70   3.32  0.0000
16-MAR-1988 00 / 1047:   61.5  3.800   75.2   8.20  29.70  25.60  33.80  32.50   6.66  0.0000
16-APR-1988 00 / 1048:  138.0  3.700   74.3   8.30  28.80  24.70  33.00  31.90   9.44  0.0000
16-MAY-1988 00 / 1049:  169.5  3.300   78.3   7.30  28.20  24.60  31.90  31.50  12.95  0.0000
16-JUN-1988 00 / 1050:  359.8  2.600   91.9   7.00  26.20  22.70  29.70  29.50  17.97  0.0000
16-JUL-1988 00 / 1051:  288.8  2.500   95.6   5.60  25.70  22.90  28.50  28.50  15.55  0.0000
16-AUG-1988 00 / 1052:   96.5  2.600   93.9   6.20  25.40  22.30  28.50  27.70  13.03  0.0000
16-SEP-1988 00 / 1053:  273.8  2.700   93.7   6.50  26.30  23.10  29.60  29.10  15.53  0.0000
16-OCT-1988 00 / 1054:  161.7  3.100   81.8   7.90  27.50  23.60  31.50  30.10  12.67  0.0000
16-NOV-1988 00 / 1055:   30.2  3.300   73.3   8.50  28.40  24.20  32.70  30.40   4.25  0.0000
16-DEC-1988 00 / 1056:   49.4  3.200   72.9   8.60  27.30  23.00  31.60  26.60   2.13  0.0000
16-JAN-1989 00 / 1057:    0.0  4.100   53.0  12.70  26.50  20.20  32.90  23.50   0.00  0.0000
15-FEB-1989 00 / 1058:    0.0  4.500   61.9  11.10  28.60  23.10  34.20  25.10   0.67  0.0000
16-MAR-1989 00 / 1059:  102.5  3.900   71.2   9.10  29.00  24.50  33.60  31.00   5.85  0.0000
16-APR-1989 00 / 1060:  117.8  3.700   75.2   8.10  28.80  24.80  32.90  31.30   9.26  0.0000
16-MAY-1989 00 / 1061:  179.5  3.300   77.6   7.60  27.80  24.00  31.60  30.10  12.40  0.0000
16-JUN-1989 00 / 1062:  260.7  2.500   93.1   6.90  26.30  22.90  29.80  29.60  16.86  0.0000
16-JUL-1989 00 / 1063:  267.0  2.500   94.9   6.00  25.80  22.80  28.80  28.80  15.06  0.0000
16-AUG-1989 00 / 1064:  179.4  2.700   92.3   6.60  25.70  22.40  29.00  28.00  16.07  0.0000
16-SEP-1989 00 / 1065:  115.5  2.700   91.2   6.90  26.00  22.60  29.50  28.70  12.21  0.0000
16-OCT-1989 00 / 1066:  195.2  3.000   81.8   7.80  26.80  22.90  30.70  29.40  13.56  0.0000
16-NOV-1989 00 / 1067:   24.1  3.500   68.2   9.30  28.60  24.00  33.30  30.20   3.89  0.0000
16-DEC-1989 00 / 1068:    0.4  3.300   69.5   9.20  27.90  23.30  32.50  28.00   0.35  0.0000
16-JAN-1990 00 / 1069:    3.9  3.200   82.2   8.70  28.40  24.10  32.80  29.30   1.79  0.0000
15-FEB-1990 00 / 1070:   15.2  4.200   68.5  10.50  29.00  23.80  34.30  28.00   3.15  0.0000
16-MAR-1990 00 / 1071:   15.4  4.800   65.3  10.80  30.30  24.90  35.70  28.10   3.49  0.0000
16-APR-1990 00 / 1072:  157.3  3.700   74.6   8.40  28.70  24.50  32.90  31.30  10.28  0.0000
16-MAY-1990 00 / 1073:  117.8  3.300   78.3   7.60  27.80  24.00  31.60  30.60  10.11  0.0000
16-JUN-1990 00 / 1074:  213.1  2.700   90.6   7.40  26.90  23.20  30.60  29.90  15.28  0.0000
16-JUL-1990 00 / 1075:  343.1  2.400   98.6   5.20  25.60  23.00  28.20  28.40  13.68  0.0000
16-AUG-1990 00 / 1076:   22.7  2.700   95.7   6.10  25.80  22.80  28.90  27.70   8.56  0.0000
16-SEP-1990 00 / 1077:  161.4  2.700   91.7   7.00  26.20  22.70  29.70  28.60  14.70  0.0000
16-OCT-1990 00 / 1078:  119.2  3.000   83.2   7.70  27.30  23.50  31.20  30.20  11.26  0.0000
16-NOV-1990 00 / 1079:   49.1  3.100   76.5   8.10  28.60  24.60  32.70  32.40   6.42  0.0000
16-DEC-1990 00 / 1080:   51.2  3.000   76.3   8.20  28.10  24.00  32.20  30.30   4.23  0.0000
16-JAN-1991 00 / 1081:   15.6  3.400   75.8   8.80  27.80  23.40  32.20  27.20   0.91  0.0000
15-FEB-1991 00 / 1082:   26.7  3.500   73.5   8.70  28.90  24.60  33.30  33.00   4.17  0.0000
16-MAR-1991 00 / 1083:   87.1  3.700   72.4   8.00  29.00  25.00  33.00  32.80   5.60  0.0000
16-APR-1991 00 / 1084:  227.8  3.300   74.6   7.70  27.50  23.70  31.40  32.10  12.15  0.0000
16-MAY-1991 00 / 1085:  188.2  3.000   79.3   7.40  27.10  23.40  30.80  31.50  12.73  0.0000
16-JUN-1991 00 / 1086:  194.4  2.500   92.3   7.90  26.20  22.30  30.20  30.50  14.38  0.0000
16-JUL-1991 00 / 1087:  341.3  2.300   96.9   5.60  25.40  22.60  28.20  29.10  18.16  0.0000
16-AUG-1991 00 / 1088:   54.6  2.300   95.1   5.30  24.90  22.30  27.60  28.40  11.60  0.0000
16-SEP-1991 00 / 1089:  176.9  2.500   93.3   6.90  25.80  22.40  29.30  29.30  14.34  0.0000
16-OCT-1991 00 / 1090:  123.6  2.600   84.2   7.50  25.60  21.90  29.40  29.70  11.93  0.0000
16-NOV-1991 00 / 1091:   13.9  3.000   74.6   8.30  27.30  23.20  31.50  30.10   0.57  0.0000
16-DEC-1991 00 / 1092:   32.2  3.200   70.5   9.70  26.90  22.10  31.80  27.40   2.00  0.0000
16-JAN-1992 00 / 1093:    0.0  3.700   70.1  11.50  26.50  20.80  32.30  23.20   0.02  0.0000
15-FEB-1992 00 / 1094:    0.1  4.400   64.8  11.30  28.80  23.20  34.50  26.60   0.52  0.0000
16-MAR-1992 00 / 1095:   24.8  4.100   72.2   9.10  29.40  24.90  34.00  29.80   4.87  0.0000
16-APR-1992 00 / 1096:  109.3  3.800   74.5   8.00  28.90  24.90  32.90  31.30   8.83  0.0000
16-MAY-1992 00 / 1097:  209.8  3.100   77.8   7.90  27.20  23.30  31.20  31.20  13.64  0.0000
16-JUN-1992 00 / 1098:  229.1  2.400   93.4   7.40  25.50  21.80  29.20  29.40  15.37  0.0000
16-JUL-1992 00 / 1099:  134.8  2.200   97.9   5.90  24.90  22.00  27.90  28.40  12.08  0.0000
16-AUG-1992 00 / 1100:   30.8  2.400   94.7   5.90  24.60  21.70  27.60  27.20   8.03  0.0000
16-SEP-1992 00 / 1101:  215.8  2.400   93.7   6.10  25.00  22.00  28.10  28.00  15.85  0.0000
16-OCT-1992 00 / 1102:  141.4  2.800   80.6   8.40  26.30  22.10  30.50  30.00   9.83  0.0000
16-NOV-1992 00 / 1103:   48.8  3.100   73.1  10.10  26.90  21.90  32.00  29.00   6.39  0.0000
16-DEC-1992 00 / 1104:    3.8  3.500   66.9  10.30  28.00  22.90  33.20  27.30   1.03  0.0000
16-JAN-1993 00 / 1105:    0.0  3.800   63.7  12.50  26.60  20.40  32.90  23.80   0.00  0.0000
15-FEB-1993 00 / 1106:   56.7  4.000   71.3  11.80  28.90  23.00  34.80  28.80   3.06  0.0000
16-MAR-1993 00 / 1107:   92.4  3.800   69.3  10.00  28.00  23.00  33.00  30.30   7.83  0.0000
16-APR-1993 00 / 1108:  133.7  3.800   70.9   9.40  28.40  23.70  33.10  30.90   8.34  0.0000
16-MAY-1993 00 / 1109:  227.8  3.200   75.6   8.40  27.40  23.20  31.60  31.20   8.98  0.0000
16-JUN-1993 00 / 1110:  212.0  2.500   90.7   7.20  25.90  22.30  29.50  29.60  14.80  0.0000
16-JUL-1993 00 / 1111:  123.2  2.400   96.0   6.30  25.00  21.90  28.20  27.90  11.49  0.0000
16-AUG-1993 00 / 1112:   35.8  2.500   93.1   6.40  25.20  22.00  28.40  28.00  11.40  0.0000
16-SEP-1993 00 / 1113:  167.6  2.600   91.2   7.80  25.60  21.70  29.50  28.70  15.49  0.0000
16-OCT-1993 00 / 1114:  133.0  2.900   79.9   8.70  26.80  22.50  31.20  31.00   8.49  0.0000
16-NOV-1993 00 / 1115:   58.3  2.900   72.6   9.80  27.80  22.90  32.70  33.70   6.43  0.0000
16-DEC-1993 00 / 1116:   24.1  3.200   69.5  10.00  27.50  22.50  32.50  28.10   4.38  0.0000
16-JAN-1994 00 / 1117:   13.7  3.300   75.3   9.00  27.40  22.90  31.90  27.00   3.31  0.0000
15-FEB-1994 00 / 1118:   27.3  3.900   71.4   9.40  29.00  24.30  33.70  29.20   2.53  0.0000
16-MAR-1994 00 / 1119:   80.0  4.000   68.8   8.70  29.10  24.80  33.50  31.80   7.05  0.0000
16-APR-1994 00 / 1120:  114.1  3.500   74.2   7.90  28.00  24.10  32.00  32.10  10.70  0.0000
16-MAY-1994 00 / 1121:  147.7  3.100   76.9   8.00  27.20  23.20  31.20  31.30  12.26  0.0000
16-JUN-1994 00 / 1122:  202.3  2.400   92.6   8.10  25.80  21.80  29.90  29.80  14.70  0.0000
16-JUL-1994 00 / 1123:   91.6  2.300   95.6   6.00  25.10  22.10  28.10  28.70  13.75  0.0000
16-AUG-1994 00 / 1124:   71.2  2.400   94.3   5.60  25.00  22.20  27.80  28.00  11.89  0.0000
16-SEP-1994 00 / 1125:  192.5  2.500   93.9   7.00  25.60  22.10  29.10  29.20  15.53  0.0000
16-OCT-1994 00 / 1126:  242.3  2.700   80.8   8.50  26.10  21.90  30.40  30.70  16.17  0.0000
16-NOV-1994 00 / 1127:   48.4  3.300   68.0  10.00  27.30  22.30  32.30  29.40   5.94  0.0000
16-DEC-1994 00 / 1128:   13.8  3.700   54.8   9.60  26.80  22.00  31.60  24.50   0.03  0.0000
16-JAN-1995 00 / 1129:    0.1  3.700   68.5  12.40  27.40  21.20  33.60  25.70   0.82  0.0000
15-FEB-1995 00 / 1130:   36.8  4.300   66.5  11.20  28.90  23.30  34.50  27.00   3.12  0.0000
16-MAR-1995 00 / 1131:  157.9  3.700   70.3   8.80  28.60  24.20  33.00  32.20   6.73  0.0000
16-APR-1995 00 / 1132:  191.4  3.500   73.0   8.40  28.30  24.10  32.50  32.50  10.45  0.0000
16-MAY-1995 00 / 1133:  158.8  3.200   76.5   8.40  27.40  23.20  31.60  31.20  13.67  0.0000
16-JUN-1995 00 / 1134:  209.9  2.500   91.2   7.60  26.00  22.20  29.80  30.20  18.22  0.0000
16-JUL-1995 00 / 1135:  180.3  2.300   95.9   6.00  25.50  22.50  28.50  29.30  15.61  0.0000
16-AUG-1995 00 / 1136:  158.6  2.400   93.8   5.90  25.40  22.50  28.40  29.00  19.78  0.0000
16-SEP-1995 00 / 1137:  130.1  2.500   92.7   7.30  25.70  22.10  29.40  29.30  13.82  0.0000
16-OCT-1995 00 / 1138:  156.3  2.700   83.1   8.00  26.30  22.30  30.30  30.90  12.03  0.0000
16-NOV-1995 00 / 1139:   24.8  3.300   69.3  10.50  27.40  22.20  32.70  29.60   9.71  0.0000
16-DEC-1995 00 / 1140:   24.8  3.200   66.1  10.30  27.70  22.60  32.90  30.30   2.31  0.0000
16-JAN-1996 00 / 1141:    7.0  3.500   70.0   8.50  28.10  23.90  32.40  28.50   1.46  0.0000
15-FEB-1996 00 / 1142:   86.1  3.900   64.6   9.50  28.90  24.20  33.70  31.80   4.11  0.0000
16-MAR-1996 00 / 1143:   77.5  4.000   65.4   8.80  28.80  24.40  33.20  31.80   8.05  0.0000
16-APR-1996 00 / 1144:  152.1  3.600   74.2   8.50  28.10  23.90  32.40  30.80  10.94  0.0000
16-MAY-1996 00 / 1145:  151.9  3.000   84.5   8.30  27.50  23.40  31.70  31.50   8.71  0.0000
16-JUN-1996 00 / 1146:  202.8  2.500   89.8   7.40  26.00  22.30  29.70  30.10  15.82  0.0000
16-JUL-1996 00 / 1147:  286.5  2.400   94.5   7.20  25.50  21.90  29.10  29.00  14.60  0.0000
16-AUG-1996 00 / 1148:  154.1  2.300   96.1   6.40  25.00  21.80  28.20  28.40  18.41  0.0000
16-SEP-1996 00 / 1149:   87.3  2.200   99.9   6.50  25.10  21.90  28.40  28.60   9.73  0.0000
16-OCT-1996 00 / 1150:  117.6  2.800   82.2   8.00  26.20  22.20  30.20  29.80   9.93  0.0000
16-NOV-1996 00 / 1151:   13.1  3.400   68.8   9.00  27.70  23.20  32.20  28.60   1.05  0.0000
16-DEC-1996 00 / 1152:    1.2  3.200   72.4   9.60  27.80  23.00  32.60  28.50   0.38  0.0000
16-JAN-1997 00 / 1153:   20.1  3.400   71.6   9.50  28.10  23.40  32.90  29.10   3.12  0.0000
15-FEB-1997 00 / 1154:    1.1  4.300   73.7  13.20  28.70  22.10  35.30  25.50   1.29  0.0000
16-MAR-1997 00 / 1155:  104.5  3.800   76.5   8.60  28.50  24.20  32.80  29.40   8.52  0.0000
16-APR-1997 00 / 1156:  156.8  3.400   74.1   7.90  27.60  23.70  31.60  31.30  12.16  0.0000
16-MAY-1997 00 / 1157:  190.5  3.000   77.4   8.20  26.80  22.70  30.90  31.20  13.36  0.0000
16-JUN-1997 00 / 1158:  393.5  2.200   96.5   7.20  25.60  22.00  29.20  29.80  18.42  0.0000
16-JUL-1997 00 / 1159:  119.3  2.300   95.3   6.20  25.10  22.00  28.20  28.60  11.55  0.0000
16-AUG-1997 00 / 1160:   89.2  2.400   95.2   6.90  25.10  21.70  28.60  28.30  13.45  0.0000
16-SEP-1997 00 / 1161:  187.7  2.700   89.6   7.70  26.30  22.50  30.20  29.70  13.41  0.0000
16-OCT-1997 00 / 1162:  278.5  2.800   80.9   8.70  26.70  22.40  31.10  31.60  14.17  0.0000
16-NOV-1997 00 / 1163:   48.8  2.900   77.4   8.70  27.70  23.40  32.10  32.00   3.97  0.0000
16-DEC-1997 00 / 1164:   45.6  3.100   72.5   9.00  27.70  23.20  32.20  28.90   2.73  0.0000
16-JAN-1998 00 / 1165:   25.6  3.500   74.5  11.00  27.60  22.10  33.10  25.80   2.42  0.0000
15-FEB-1998 00 / 1166:   24.4  4.200   70.0  10.80  29.80  24.40  35.20  29.60   3.27  0.0000
16-MAR-1998 00 / 1167:   35.9  4.500   74.3   9.90  30.40  25.50  35.40  28.80   4.35  0.0000
16-APR-1998 00 / 1168:   94.4  3.900   74.5   8.50  29.70  25.50  34.00  32.90   8.78  0.0000
16-MAY-1998 00 / 1169:  185.0  3.400   72.4   7.90  28.20  24.30  32.20  32.70  12.84  0.0000
16-JUN-1998 00 / 1170:  233.0  2.700   87.7   8.20  26.50  22.40  30.60  30.60  14.65  0.0000
16-JUL-1998 00 / 1171:  108.6  2.200   99.8   5.40  25.70  23.00  28.40  29.50  10.70  0.0000
16-AUG-1998 00 / 1172:   71.7  2.600   89.1   6.90  25.10  21.70  28.60  28.20  10.35  0.0000
16-SEP-1998 00 / 1173:  143.6  2.500   92.6   7.10  25.80  22.30  29.40  29.40  13.55  0.0000
16-OCT-1998 00 / 1174:  210.9  2.800   80.3   8.50  26.60  22.40  30.90  31.50  13.91  0.0000
16-NOV-1998 00 / 1175:   48.9  3.300   70.2   9.20  28.20  23.60  32.80  31.30   5.68  0.0000
16-DEC-1998 00 / 1176:    4.7  3.100   77.0   9.90  27.90  23.00  32.90  28.90   2.79  0.0000
16-JAN-1999 00 / 1177:   22.9  3.400   71.7   9.40  28.00  23.30  32.70  28.70   2.82  0.0000
15-FEB-1999 00 / 1178:   50.4  4.100   62.2   9.70  28.50  23.70  33.40  29.30   5.44  0.0000
16-MAR-1999 00 / 1179:   75.5  3.800   65.7   9.00  28.60  24.10  33.10  33.20   7.03  0.0000
16-APR-1999 00 / 1180:  153.6  3.400   79.0   8.90  28.00  23.60  32.50  31.20   9.48  0.0000
16-MAY-1999 00 / 1181:  113.9  3.300   78.4   8.60  27.70  23.40  32.00  30.60  12.20  0.0000
16-JUN-1999 00 / 1182:  222.4  2.600   92.2   8.00  26.50  22.50  30.50  29.60  17.59  0.0000
16-JUL-1999 00 / 1183:  321.6  2.200   99.5   6.70  25.40  22.10  28.80  29.20  20.26  0.0000
16-AUG-1999 00 / 1184:  160.7  2.700   83.1   6.80  25.00  21.60  28.40  28.20  13.26  0.0000
16-SEP-1999 00 / 1185:  162.9  2.400   94.7   6.70  25.20  21.90  28.60  28.70  10.71  0.0000
16-OCT-1999 00 / 1186:  207.3  2.500   87.7   7.70  26.00  22.20  29.90  30.20  15.99  0.0000
16-NOV-1999 00 / 1187:   47.6  3.200   71.3   9.30  27.80  23.20  32.50  30.80   8.07  0.0000
16-DEC-1999 00 / 1188:    8.3  3.300   72.9  10.80  27.90  22.50  33.30  27.20   1.16  0.0000
16-JAN-2000 00 / 1189:    3.5  3.700   71.5  10.00  28.90  23.90  33.90  28.10   0.86  0.0000
15-FEB-2000 00 / 1190:    3.7  4.400   69.0  10.50  28.50  23.30  33.80  24.40   0.12  0.0000
16-MAR-2000 00 / 1191:   55.5  4.400   64.0  10.10  29.50  24.50  34.60  29.80   4.53  0.0000
16-APR-2000 00 / 1192:  120.6  3.900   68.0   9.20  28.80  24.20  33.40  32.10  10.21  0.0000
16-MAY-2000 00 / 1193:  123.2  3.400   75.8   8.70  28.10  23.80  32.50  31.10  10.64  0.0000
16-JUN-2000 00 / 1194:  233.2  2.600   89.4   7.90  26.00  22.10  30.00  29.80  16.06  0.0000
16-JUL-2000 00 / 1195:  160.6  2.400   95.2   6.40  25.50  22.30  28.70  28.60  13.10  0.0000
16-AUG-2000 00 / 1196:  115.2  2.400   93.2   5.60  24.90  22.10  27.70  27.90  15.73  0.0000
16-SEP-2000 00 / 1197:  222.2  2.600   90.2   8.00  25.80  21.80  29.80  29.10  15.37  0.0000
16-OCT-2000 00 / 1198:  131.7  2.900   80.3   9.60  26.60  21.80  31.40  30.30   9.67  0.0000
16-NOV-2000 00 / 1199:   13.6  3.300   71.4   9.70  28.10  23.30  33.00  30.30   2.94  0.0000
16-DEC-2000 00 / 1200:    3.1  3.400   72.6  11.60  28.10  22.30  33.90  26.80   0.03  0.0000
16-JAN-2001 00 / 1201:   11.0  3.500   68.4  10.30  27.80  22.70  33.00  28.20   1.46  0.0000
15-FEB-2001 00 / 1202:    5.6  4.400   62.7  10.40  29.10  23.90  34.30  26.90   2.14  0.0000
16-MAR-2001 00 / 1203:   34.6  4.300   65.7   9.20  29.70  25.10  34.30  30.80   6.27  0.0000
16-APR-2001 00 / 1204:  150.3  3.800   70.6   8.60  28.50  24.20  32.80  31.40   9.99  0.0000
16-MAY-2001 00 / 1205:  184.0  3.300   77.5   8.00  27.80  23.80  31.80  31.10  12.40  0.0000
16-JUN-2001 00 / 1206:  231.2  2.600   87.9   7.30  26.00  22.40  29.70  29.60  17.38  0.0000
16-JUL-2001 00 / 1207:   77.1  2.500   95.0   6.00  25.70  22.70  28.70  28.90  12.14  0.0000
16-AUG-2001 00 / 1208:   50.7  2.300   99.4   6.30  25.10  22.00  28.30  28.10   7.77  0.0000
16-SEP-2001 00 / 1209:  208.2  2.600   92.0   6.70  25.80  22.50  29.20  28.70  18.38  0.0000
16-OCT-2001 00 / 1210:   64.5  3.000   81.5   7.80  27.10  23.20  31.00  29.40   8.11  0.0000
16-NOV-2001 00 / 1211:   12.0  3.200   77.5   8.90  28.50  24.10  33.00  30.00   5.77  0.0000
16-DEC-2001 00 / 1212:    2.6  3.400   71.2   9.60  28.80  24.00  33.60  28.90   1.02  0.0000
16-JAN-2002 00 / 1213:   42.4  3.200   83.8  10.10  27.40  22.40  32.50  26.10   4.82  0.0000
15-FEB-2002 00 / 1214:    1.2  4.200   67.1  10.10  29.00  24.00  34.10  28.20   0.05  0.0000
16-MAR-2002 00 / 1215:   75.1  4.100   68.3   9.20  29.70  25.10  34.30  32.30   8.59  0.0000
16-APR-2002 00 / 1216:  137.2  3.600   75.0   8.60  28.60  24.30  32.90  32.40  11.98  0.0000
16-MAY-2002 00 / 1217:  112.3  3.400   74.6   8.10  28.10  24.10  32.20  31.40  11.11  0.0000
16-JUN-2002 00 / 1218:  339.4  2.700   86.7   7.40  26.40  22.70  30.10  29.80  14.31  0.0000
16-JUL-2002 00 / 1219:  194.5  2.400   99.8   6.00  26.20  23.20  29.20  29.70  18.95  0.0000
16-AUG-2002 00 / 1220:  114.5  2.700   89.8   6.30  25.60  22.50  28.80  28.40  12.84  0.0000
16-SEP-2002 00 / 1221:   99.3  2.700   89.1   6.60  25.90  22.60  29.20  29.00  12.28  0.0000
16-OCT-2002 00 / 1222:  235.1  2.700   86.7   7.80  26.40  22.50  30.30  30.20  18.90  0.0000
16-NOV-2002 00 / 1223:   31.9  3.100   76.5   8.60  28.20  23.90  32.50  31.20   4.84  0.0000
16-DEC-2002 00 / 1224:    0.7  3.400   69.6   9.90  28.10  23.20  33.10  27.80   0.52  0.0000
16-JAN-2003 00 / 1225:   54.3  3.600   67.9  10.00  28.30  23.30  33.30  28.40   7.69  0.0000
15-FEB-2003 00 / 1226:   37.4  3.900   69.9   9.90  29.80  24.90  34.80  32.20   5.30  0.0000
16-MAR-2003 00 / 1227:   33.3  4.300   72.0   9.20  29.90  25.30  34.50  29.80   1.94  0.0000
16-APR-2003 00 / 1228:  189.7  3.600   70.6   8.40  28.20  24.00  32.40  32.10  11.23  0.0000
16-MAY-2003 00 / 1229:  119.0  3.500   73.4   8.10  28.30  24.30  32.40  31.30   8.55  0.0000
16-JUN-2003 00 / 1230:  267.5  2.200  100.0   7.10  26.00  22.50  29.60  30.40  16.38  0.0000
16-JUL-2003 00 / 1231:  144.7  2.700   85.3   6.40  25.60  22.40  28.80  29.00  11.81  0.0000
16-AUG-2003 00 / 1232:  137.8  2.600   89.1   6.30  25.50  22.40  28.70  28.70  11.82  0.0000
16-SEP-2003 00 / 1233:  268.6  2.700   87.1   6.60  26.10  22.80  29.40  29.50  18.40  0.0000
16-OCT-2003 00 / 1234:  218.1  3.000   77.1   7.70  27.50  23.70  31.40  31.90  19.18  0.0000
16-NOV-2003 00 / 1235:   81.6  3.200   68.6   9.20  28.10  23.50  32.70  32.20  12.74  0.0000
16-DEC-2003 00 / 1236:    6.7  3.400   66.4   9.30  28.10  23.50  32.80  28.30   0.03  0.0000
16-JAN-2004 00 / 1237:   40.3  3.300   74.6   9.50  28.10  23.40  32.90  29.30   6.33  0.0000
15-FEB-2004 00 / 1238:   25.9  3.700   80.4   9.70  29.20  24.40  34.10  29.90   1.97  0.0000
16-MAR-2004 00 / 1239:   24.8  4.000   79.2   8.70  29.50  25.20  33.90  29.70   6.35  0.0000
16-APR-2004 00 / 1240:  142.0  3.500   74.0   8.10  28.40  24.40  32.50  32.60  10.35  0.0000
16-MAY-2004 00 / 1241:  231.7  2.700   87.9   7.50  27.20  23.50  31.00  31.70  15.75  0.0000
16-JUN-2004 00 / 1242:  202.3  2.200  100.0   7.40  25.90  22.20  29.60  29.80  11.32  0.0000
16-JUL-2004 00 / 1243:  198.7  2.600   87.8   5.80  25.50  22.60  28.40  28.80  15.11  0.0000
16-AUG-2004 00 / 1244:  100.8  2.500   94.0   6.10  25.40  22.40  28.50  28.70  16.31  0.0000
16-SEP-2004 00 / 1245:  305.3  2.800   88.8   6.90  26.30  22.90  29.80  29.40  15.96  0.0000
16-OCT-2004 00 / 1246:  224.2  2.800   81.1   7.90  26.90  23.00  30.90  31.40  14.14  0.0000
16-NOV-2004 00 / 1247:   47.1  3.100   68.7   8.50  28.00  23.80  32.30  33.00  11.58  0.0000
16-DEC-2004 00 / 1248:    2.7  3.300   64.4   8.90  28.40  24.00  32.90  32.00   0.03  0.0000
16-JAN-2005 00 / 1249:    3.7  3.200   81.9  10.30  27.40  22.30  32.60  26.50   0.02  0.0000
15-FEB-2005 00 / 1250:   45.0  3.700   78.2   9.60  30.20  25.40  35.00  33.40   7.90  0.0000
16-MAR-2005 00 / 1251:  131.4  3.900   70.9   8.80  30.20  25.80  34.60  34.60  10.51  0.0000
16-APR-2005 00 / 1252:   85.4  3.800   70.3   8.40  29.30  25.10  33.50  33.30   9.20  0.0000
16-MAY-2005 00 / 1253:  175.3  3.200   78.6   7.60  27.80  24.00  31.60  31.50  14.15  0.0000
16-JUN-2005 00 / 1254:  221.4  2.200  100.0   6.80  26.10  22.70  29.50  30.40  14.43  0.0000
16-JUL-2005 00 / 1255:  164.9  2.400   95.2   5.80  25.60  22.70  28.50  29.30  12.14  0.0000
16-AUG-2005 00 / 1256:   85.9  2.500   94.7   6.20  25.30  22.20  28.40  28.00   5.99  0.0000
16-SEP-2005 00 / 1257:  142.0  2.700   91.0   6.40  26.40  23.20  29.60  29.60  11.12  0.0000
16-OCT-2005 00 / 1258:  114.9  2.900   82.5   7.80  27.00  23.10  30.90  30.60  13.31  0.0000
16-NOV-2005 00 / 1259:   33.8  3.500   62.9   8.60  28.50  24.20  32.80  31.00   2.64  0.0000
16-DEC-2005 00 / 1260:    2.9  3.500   64.7   9.30  28.70  24.10  33.40  29.80   1.46  0.0000
16-JAN-2006 00 / 1261:   32.1  3.400   65.9   9.30  28.40  23.80  33.10  32.40   3.09  0.0000
15-FEB-2006 00 / 1262:   13.9  3.700   73.4   9.50  29.70  25.00  34.50  32.80   2.95  0.0000
16-MAR-2006 00 / 1263:   70.9  3.900   73.7   9.00  29.50  25.00  34.00  31.70   8.03  0.0000
16-APR-2006 00 / 1264:   94.1  4.300   64.3   8.60  29.50  25.20  33.80  31.30  11.59  0.0000
16-MAY-2006 00 / 1265:  237.7  2.900   86.5   7.80  27.30  23.40  31.20  31.00  16.13  0.0000
16-JUN-2006 00 / 1266:  211.1  2.800   86.8   8.00  26.90  22.90  30.90  30.20  14.47  0.0000
16-JUL-2006 00 / 1267:  116.3  2.700   90.0   6.10  26.50  23.50  29.60  29.60  14.79  0.0000
16-AUG-2006 00 / 1268:   81.9  2.400   98.2   6.20  25.50  22.40  28.60  28.40   9.59  0.0000
16-SEP-2006 00 / 1269:  258.9  2.500   96.6   6.40  26.00  22.80  29.20  29.30  18.29  0.0000
16-OCT-2006 00 / 1270:  152.5  2.700   87.9   7.70  27.20  23.40  31.10  31.70  16.96  0.0000
16-NOV-2006 00 / 1271:   64.9  3.500   63.9   8.60  27.80  23.50  32.10  28.90   8.80  0.0000
16-DEC-2006 00 / 1272:    0.2  3.400   65.4   9.60  27.80  23.00  32.60  27.90   0.03  0.0000
16-JAN-2007 00 / 1273:    0.2  3.300   87.6  10.50  27.20  22.00  32.50  23.60   0.02  0.0000
15-FEB-2007 00 / 1274:   23.9  3.900   74.7  10.10  29.60  24.60  34.70  30.60   3.38  0.0000
16-MAR-2007 00 / 1275:   58.2  4.200   72.2   9.10  30.00  25.50  34.60  30.60   6.88  0.0000
16-APR-2007 00 / 1276:  106.3  3.600   70.9   8.40  28.70  24.50  32.90  33.10   8.10  0.0000
16-MAY-2007 00 / 1277:  244.2  2.900   87.1   7.90  27.70  23.80  31.70  32.10  14.45  0.0000
16-JUN-2007 00 / 1278:  287.2  2.300   98.8   7.20  26.00  22.40  29.60  30.10  17.22  0.0000
16-JUL-2007 00 / 1279:  264.1  2.500   94.7   5.80  26.00  23.10  28.90  29.20  15.12  0.0000
16-AUG-2007 00 / 1280:  125.4  2.500   96.0   6.20  25.50  22.40  28.60  28.60  19.04  0.0000
16-SEP-2007 00 / 1281:  241.7  2.700   89.7   6.60  26.20  22.90  29.50  29.60  19.84  0.0000
16-OCT-2007 00 / 1282:  201.4  2.800   86.1   7.60  27.10  23.30  30.90  30.90  17.79  0.0000
16-NOV-2007 00 / 1283:   61.6  2.900   73.8   8.90  28.10  23.70  32.60  34.00  13.11  0.0000
16-DEC-2007 00 / 1284:   23.7  3.200   74.1   9.50  28.30  23.60  33.10  29.20   1.27  0.0000
16-JAN-2008 00 / 1285:    4.8  3.400   81.3  10.10  26.70  21.70  31.80  22.80   1.46  0.0000
15-FEB-2008 00 / 1286:   32.1  3.500   96.8  10.10  29.10  24.10  34.20  27.30   2.07  0.0000
16-MAR-2008 00 / 1287:   75.9  4.000   70.9   9.30  29.50  24.90  34.20  31.70   9.16  0.0000
16-APR-2008 00 / 1288:   81.9  3.600   77.1   8.60  28.80  24.50  33.10  31.70   9.53  0.0000
16-MAY-2008 00 / 1289:  219.1  3.000   85.0   8.00  27.60  23.60  31.60  30.90  15.16  0.0000
16-JUN-2008 00 / 1290:  338.0  2.400   95.9   7.30  26.30  22.70  30.00  30.10  20.13  0.0000
16-JUL-2008 00 / 1291:  309.2  2.400   94.4   5.70  25.80  23.00  28.70  29.50  19.79  0.0000
16-AUG-2008 00 / 1292:  109.0  2.500   91.2   5.90  25.30  22.40  28.30  28.60  12.64  0.0000
16-SEP-2008 00 / 1293:  242.0  2.400   97.9   6.60  26.10  22.80  29.40  29.80  18.42  0.0000
16-OCT-2008 00 / 1294:  149.0  2.900   80.6   7.60  27.20  23.40  31.00  31.40  14.96  0.0000
16-NOV-2008 00 / 1295:   40.5  3.300   67.8   9.40  28.30  23.60  33.00  31.30   3.26  0.0000
16-DEC-2008 00 / 1296:   33.0  3.300   70.5   9.30  28.60  24.00  33.30  30.00   2.26  0.0000
16-JAN-2009 00 / 1297:   22.6  3.500   72.9  10.10  28.10  23.10  33.20  27.80   1.95  0.0000
15-FEB-2009 00 / 1298:   34.7  3.700   74.0   9.80  29.70  24.80  34.60  32.90   1.61  0.0000
16-MAR-2009 00 / 1299:   53.0  3.800   77.9   9.20  29.70  25.10  34.30  32.20   5.74  0.0000
16-APR-2009 00 / 1300:  175.0  3.600   70.1   8.40  28.10  23.90  32.30  31.90  11.99  0.0000
16-MAY-2009 00 / 1301:  163.5  3.300   76.4   8.10  28.00  24.00  32.10  31.70  12.82  0.0000
16-JUN-2009 00 / 1302:  332.2  2.500   92.6   7.60  26.40  22.60  30.20  30.60  20.08  0.0000
16-JUL-2009 00 / 1303:  191.2  2.600   91.2   5.40  26.00  23.30  28.70  29.40  10.01  0.0000
16-AUG-2009 00 / 1304:   77.0  2.400   96.7   5.70  25.40  22.60  28.30  29.00  10.92  0.0000
16-SEP-2009 00 / 1305:  103.6  2.700   92.1   6.50  26.40  23.20  29.70  29.60  10.25  0.0000
16-OCT-2009 00 / 1306:  211.9  2.600   88.2   6.70  27.00  23.70  30.40  31.90  12.06  0.0000
16-NOV-2009 00 / 1307:   83.6  3.300   65.4   8.40  27.90  23.70  32.10  31.40  11.58  0.0000
16-DEC-2009 00 / 1308:    3.7  3.600   57.1   9.90  28.90  24.00  33.90  31.20   0.78  0.0000
16-JAN-2010 00 / 1309:   11.8  3.800   64.8  10.50  29.00  23.80  34.30  29.40   1.95  0.0000
15-FEB-2010 00 / 1310:   30.4  4.300   64.7   9.40  30.50  25.80  35.20  32.00   3.78  0.0000
16-MAR-2010 00 / 1311:   97.8  3.500   89.3   8.70  30.30  26.00  34.70  33.00   6.11  0.0000
16-APR-2010 00 / 1312:   97.0  3.900   69.7   8.90  29.50  25.10  34.00  33.60   8.90  0.0000
16-MAY-2010 00 / 1313:  164.5  3.100   82.3   7.70  28.20  24.40  32.10  32.20  14.41  0.0000
16-JUN-2010 00 / 1314:  250.6  2.400   98.0   7.10  26.90  23.40  30.50  31.30  14.95  0.0000
16-JUL-2010 00 / 1315:  196.3  2.700   88.6   5.90  26.10  23.20  29.10  29.50  16.55  0.0000
16-AUG-2010 00 / 1316:  145.5  2.500   93.8   6.20  25.80  22.70  28.90  29.30  18.74  0.0000
16-SEP-2010 00 / 1317:  326.2  2.500   94.8   6.20  26.00  22.90  29.10  29.70  19.01  0.0000
16-OCT-2010 00 / 1318:  204.4  2.600   88.6   6.80  26.90  23.50  30.30  31.70  15.63  0.0000
16-NOV-2010 00 / 1319:  124.6  3.300   66.7   8.50  28.30  24.10  32.60  32.60   8.69  0.0000
16-DEC-2010 00 / 1320:    8.3  3.500   60.1  10.00  28.30  23.30  33.30  29.60   0.79  0.0000
