YEAR         X     XX          PRED   PETD   CLDD   DTRD   TMPD   TMND   TMXD   VAPD   WETD    FRSD
16-JAN-1960 00 /  709:   20.7  3.700  60.00   9.70  26.90  22.10  31.80  26.20   4.41  0.0000
15-FEB-1960 00 /  710:   56.7  4.200  58.80   9.50  28.20  23.50  33.00  28.30   3.17  0.0000
16-MAR-1960 00 /  711:   80.5  4.200  61.30   8.80  28.10  23.70  32.50  28.70   7.68  0.0000
16-APR-1960 00 /  712:  174.3  3.900  65.00   8.30  27.20  23.10  31.40  28.10  10.73  0.0000
16-MAY-1960 00 /  713:  157.9  3.500  70.00   8.20  27.20  23.10  31.30  29.00  12.05  0.0000
16-JUN-1960 00 /  714:  290.6  2.800  85.00   7.10  25.80  22.30  29.40  27.70  18.70  0.0000
16-JUL-1960 00 /  715:   26.3  2.700  90.00   6.10  25.20  22.20  28.30  27.10   9.03  0.0000
16-AUG-1960 00 /  716:   49.7  2.900  87.50   6.30  25.20  22.10  28.40  26.70   9.08  0.0000
16-SEP-1960 00 /  717:  131.2  3.000  82.50   7.00  25.80  22.30  29.30  27.60  14.21  0.0000
16-OCT-1960 00 /  718:  274.6  3.300  70.00   7.90  26.20  22.30  30.20  27.80  13.27  0.0000
16-NOV-1960 00 /  719:   44.6  3.600  60.00   8.90  27.10  22.70  31.60  28.00   7.34  0.0000
16-DEC-1960 00 /  720:   33.0  3.400  61.30   9.20  27.20  22.60  31.80  28.10   3.82  0.0000
16-JAN-1961 00 /  721:    4.9  3.600  63.10   9.40  27.20  22.50  31.90  26.80   3.20  0.0000
15-FEB-1961 00 /  722:    2.9  4.400  53.70  10.10  27.80  22.80  32.90  26.80   1.42  0.0000
16-MAR-1961 00 /  723:   76.5  4.600  59.50   9.30  29.00  24.40  33.70  27.90   5.87  0.0000
16-APR-1961 00 /  724:  146.7  3.900  64.50   8.50  27.60  23.40  31.90  29.60   9.79  0.0000
16-MAY-1961 00 /  725:  157.4  3.500  69.20   8.50  27.30  23.10  31.60  29.80  13.08  0.0000
16-JUN-1961 00 /  726:  338.7  2.700  85.90   6.80  25.60  22.20  29.00  27.60  18.48  0.0000
16-JUL-1961 00 /  727:   63.4  2.500  93.20   5.40  24.70  22.00  27.40  26.90  11.11  0.0000
16-AUG-1961 00 /  728:    3.8  2.900  84.70   6.80  24.20  20.80  27.60  25.00   3.61  0.0000
16-SEP-1961 00 /  729:  113.7  3.100  81.30   7.60  25.20  21.40  29.00  26.30  11.14  0.0000
16-OCT-1961 00 /  730:  118.3  3.500  68.60   8.50  26.40  22.20  30.70  27.60  11.74  0.0000
16-NOV-1961 00 /  731:   92.1  3.600  60.40   9.00  27.30  22.80  31.80  28.20   5.72  0.0000
16-DEC-1961 00 /  732:    6.8  3.500  58.40  10.10  26.80  21.80  31.90  26.20   1.12  0.0000
16-JAN-1962 00 /  733:    9.7  3.800  58.30  10.00  27.20  22.20  32.20  26.90   2.00  0.0000
15-FEB-1962 00 /  734:   20.1  4.400  54.20  10.30  28.30  23.20  33.50  27.40   2.60  0.0000
16-MAR-1962 00 /  735:   81.2  4.200  61.40   8.80  28.40  24.00  32.80  29.40   7.83  0.0000
16-APR-1962 00 /  736:  116.3  4.000  64.00   8.70  27.90  23.60  32.30  29.30  10.32  0.0000
16-MAY-1962 00 /  737:  217.7  3.400  69.10   8.60  26.80  22.50  31.10  29.10  15.82  0.0000
16-JUN-1962 00 /  738:  514.9  2.600  86.00   6.90  25.10  21.70  28.60  27.70  22.00  0.0000
16-JUL-1962 00 /  739:  199.4  2.600  91.00   5.80  25.10  22.20  28.00  27.40  13.13  0.0000
16-AUG-1962 00 /  740:   67.0  2.800  88.20   6.40  24.50  21.30  27.70  25.80  10.68  0.0000
16-SEP-1962 00 /  741:   33.2  3.100  81.40   7.20  25.40  21.80  29.00  26.50   6.87  0.0000
16-OCT-1962 00 /  742:  173.7  3.300  70.30   8.10  26.30  22.30  30.40  28.40  12.23  0.0000
16-NOV-1962 00 /  743:  116.6  3.300  63.20   8.80  26.80  22.40  31.20  29.90   8.42  0.0000
16-DEC-1962 00 /  744:   37.3  3.400  59.90   9.90  26.80  21.90  31.80  27.20   3.33  0.0000
16-JAN-1963 00 /  745:   18.9  3.300  67.20   9.00  27.10  22.60  31.60  29.00   3.13  0.0000
15-FEB-1963 00 /  746:   24.6  3.800  61.10   9.10  28.20  23.70  32.80  31.60   4.95  0.0000
16-MAR-1963 00 /  747:   82.2  4.300  59.70   9.40  28.00  23.30  32.70  28.80   7.22  0.0000
16-APR-1963 00 /  748:  129.7  3.900  65.60   8.30  27.90  23.80  32.10  30.10   8.87  0.0000
16-MAY-1963 00 /  749:  181.7  3.400  70.80   8.20  27.10  23.00  31.20  29.60  14.08  0.0000
16-JUN-1963 00 /  750:  236.2  2.900  83.20   7.60  26.40  22.60  30.20  28.50  17.66  0.0000
16-JUL-1963 00 /  751:  188.7  2.700  88.50   6.50  25.70  22.50  29.00  28.00  16.48  0.0000
16-AUG-1963 00 /  752:  135.1  2.800  86.60   6.30  25.60  22.50  28.80  28.00  13.37  0.0000
16-SEP-1963 00 /  753:  158.3  3.200  81.30   7.30  26.50  22.90  30.20  28.50  14.51  0.0000
16-OCT-1963 00 /  754:  149.9  3.400  69.30   8.10  26.50  22.50  30.60  28.60  14.27  0.0000
16-NOV-1963 00 /  755:   29.7  3.700  55.50  10.10  27.00  22.00  32.10  28.00   4.84  0.0000
16-DEC-1963 00 /  756:   15.5  3.500  60.30   9.80  27.40  22.50  32.30  28.00   2.50  0.0000
16-JAN-1964 00 /  757:   36.1  3.600  60.70  10.00  26.90  21.90  31.90  26.90   3.64  0.0000
15-FEB-1964 00 /  758:    6.1  4.300  57.20   9.90  28.40  23.50  33.40  28.50   2.82  0.0000
16-MAR-1964 00 /  759:   89.8  4.300  60.70   9.20  28.80  24.20  33.40  30.60   7.79  0.0000
16-APR-1964 00 /  760:  102.5  3.900  64.80   8.60  28.00  23.70  32.30  30.10   9.41  0.0000
16-MAY-1964 00 /  761:  184.1  3.400  70.00   8.50  26.70  22.50  31.00  29.00  14.50  0.0000
16-JUN-1964 00 /  762:  291.4  2.700  85.80   7.00  25.70  22.20  29.20  27.90  18.86  0.0000
16-JUL-1964 00 /  763:   48.0  2.600  90.30   6.20  24.40  21.30  27.50  26.00   9.63  0.0000
16-AUG-1964 00 /  764:   25.9  2.800  84.60   6.40  24.10  20.90  27.30  25.20   5.83  0.0000
16-SEP-1964 00 /  765:   44.5  3.100  83.00   7.20  25.20  21.60  28.80  25.80   9.59  0.0000
16-OCT-1964 00 /  766:   89.5  3.400  70.10   7.70  25.90  22.10  29.80  26.90   9.92  0.0000
16-NOV-1964 00 /  767:   32.9  3.500  59.40   9.20  26.80  22.20  31.40  27.80   5.54  0.0000
16-DEC-1964 00 /  768:   45.8  3.200  65.30   8.80  26.80  22.40  31.20  27.70   3.86  0.0000
16-JAN-1965 00 /  769:   56.7  3.500  64.40   9.20  26.70  22.10  31.30  27.00   2.67  0.0000
15-FEB-1965 00 /  770:   32.2  3.900  60.20   9.50  27.60  22.90  32.40  29.30   5.66  0.0000
16-MAR-1965 00 /  771:   81.2  4.300  59.00   9.40  28.40  23.70  33.10  29.40   7.39  0.0000
16-APR-1965 00 /  772:  204.8  4.000  64.30   8.80  27.50  23.10  31.90  28.10  10.40  0.0000
16-MAY-1965 00 /  773:  101.0  3.500  70.00   8.60  27.00  22.70  31.30  28.90  12.91  0.0000
16-JUN-1965 00 /  774:  222.7  2.800  85.60   7.30  25.70  22.10  29.40  27.80  18.90  0.0000
16-JUL-1965 00 /  775:  202.3  2.600  91.00   5.50  25.10  22.40  27.90  27.30  12.40  0.0000
16-AUG-1965 00 /  776:   70.6  2.800  88.90   5.60  25.10  22.30  27.90  26.70  10.03  0.0000
16-SEP-1965 00 /  777:   81.4  3.100  81.50   7.20  25.70  22.10  29.30  26.80  10.82  0.0000
16-OCT-1965 00 /  778:   81.3  3.400  69.90   7.90  26.60  22.70  30.60  28.00   9.65  0.0000
16-NOV-1965 00 /  779:   21.3  3.600  60.00   8.70  27.40  23.10  31.80  28.30   3.95  0.0000
16-DEC-1965 00 /  780:   13.7  3.500  59.50   9.70  26.90  22.10  31.80  26.80   0.82  0.0000
16-JAN-1966 00 /  781:   20.0  3.700  60.00   9.70  27.00  22.20  31.90  27.20   1.29  0.0000
15-FEB-1966 00 /  782:   10.4  4.400  55.20  10.00  28.30  23.30  33.30  27.20   2.43  0.0000
16-MAR-1966 00 /  783:  130.5  4.300  60.20   8.80  28.80  24.40  33.20  29.90   6.23  0.0000
16-APR-1966 00 /  784:  103.6  4.000  64.60   8.40  28.20  24.00  32.40  30.10   9.35  0.0000
16-MAY-1966 00 /  785:  124.4  3.500  70.20   8.20  27.30  23.20  31.40  29.40  14.05  0.0000
16-JUN-1966 00 /  786:  203.1  2.900  83.30   7.70  26.20  22.40  30.10  28.30  17.57  0.0000
16-JUL-1966 00 /  787:  121.3  2.800  88.70   6.30  26.00  22.90  29.20  27.90  12.06  0.0000
16-AUG-1966 00 /  788:   21.4  2.800  89.10   5.70  25.30  22.50  28.20  27.00   8.65  0.0000
16-SEP-1966 00 /  789:   94.7  3.000  83.50   6.60  25.70  22.40  29.00  27.00   8.44  0.0000
16-OCT-1966 00 /  790:  107.6  3.400  69.90   7.80  26.50  22.60  30.40  28.30  10.58  0.0000
16-NOV-1966 00 /  791:   45.0  3.400  65.70   9.10  27.30  22.80  31.90  28.90   5.21  0.0000
16-DEC-1966 00 /  792:   21.0  3.400  58.90   9.70  27.00  22.20  31.90  28.70   3.81  0.0000
16-JAN-1967 00 /  793:    0.0  4.000  50.20  10.80  26.40  21.00  31.80  24.70   0.78  0.0000
15-FEB-1967 00 /  794:   15.6  4.200  57.40   9.50  28.50  23.80  33.30  29.10   2.57  0.0000
16-MAR-1967 00 /  795:  110.8  4.200  60.60   9.10  28.10  23.60  32.70  29.20   8.11  0.0000
16-APR-1967 00 /  796:  192.2  3.900  64.90   8.50  27.80  23.60  32.10  30.00  10.36  0.0000
16-MAY-1967 00 /  797:  136.2  3.400  70.40   8.10  26.90  22.90  31.00  29.40  12.33  0.0000
16-JUN-1967 00 /  798:  359.2  2.800  85.30   7.20  25.60  22.00  29.20  27.60  18.70  0.0000
16-JUL-1967 00 /  799:   66.8  2.700  91.00   5.90  24.90  22.00  27.90  26.20   9.25  0.0000
16-AUG-1967 00 /  800:   15.9  2.800  88.40   6.00  24.80  21.80  27.80  26.10   6.97  0.0000
16-SEP-1967 00 /  801:   61.4  3.100  82.10   6.90  25.40  22.00  28.90  26.60  11.51  0.0000
16-OCT-1967 00 /  802:   79.1  3.300  71.10   7.80  26.30  22.40  30.20  27.70   9.76  0.0000
16-NOV-1967 00 /  803:   59.5  3.600  58.70   9.30  27.10  22.50  31.80  28.30   6.05  0.0000
16-DEC-1967 00 /  804:   29.5  3.200  66.80   9.10  27.10  22.60  31.70  28.60   4.28  0.0000
16-JAN-1968 00 /  805:    5.9  3.600  59.60   9.70  26.40  21.60  31.30  26.20   3.23  0.0000
15-FEB-1968 00 /  806:   42.9  3.900  62.10   8.80  28.30  23.90  32.70  30.20   5.11  0.0000
16-MAR-1968 00 /  807:   88.9  4.100  62.50   8.70  28.20  23.90  32.60  30.00   6.36  0.0000
16-APR-1968 00 /  808:  133.2  3.800  65.10   8.50  27.60  23.40  31.90  30.00   9.35  0.0000
16-MAY-1968 00 /  809:  151.6  3.500  70.00   8.40  27.10  22.90  31.30  29.10  13.53  0.0000
16-JUN-1968 00 /  810:  273.7  2.700  85.50   7.30  25.90  22.30  29.60  28.60  18.70  0.0000
16-JUL-1968 00 /  811:  334.0  2.700  89.20   5.90  25.60  22.70  28.60  28.10  16.59  0.0000
16-AUG-1968 00 /  812:  222.4  2.800  88.20   5.50  25.90  23.20  28.70  28.60  15.81  0.0000
16-SEP-1968 00 /  813:  268.5  2.900  83.60   6.80  25.60  22.20  29.00  27.70  14.52  0.0000
16-OCT-1968 00 /  814:  166.8  3.400  68.30   8.20  26.60  22.50  30.70  28.50  12.94  0.0000
16-NOV-1968 00 /  815:   87.5  3.400  62.10   8.60  27.40  23.10  31.70  29.70   4.37  0.0000
16-DEC-1968 00 /  816:   14.7  3.200  64.10   9.00  27.40  22.90  31.90  29.80   1.74  0.0000
16-JAN-1969 00 /  817:   27.6  3.600  58.70   9.40  27.10  22.40  31.80  28.00   2.48  0.0000
15-FEB-1969 00 /  818:   45.4  4.100  58.40   9.40  28.80  24.10  33.50  31.00   3.63  0.0000
16-MAR-1969 00 /  819:  110.8  4.200  61.70   8.90  28.70  24.30  33.20  31.10   6.74  0.0000
16-APR-1969 00 /  820:  101.3  4.000  65.20   8.70  28.70  24.40  33.10  30.60   8.76  0.0000
16-MAY-1969 00 /  821:  145.5  3.500  70.30   8.80  27.70  23.30  32.10  30.00  13.82  0.0000
16-JUN-1969 00 /  822:  208.6  2.900  82.80   7.00  26.60  23.10  30.10  28.80  17.62  0.0000
16-JUL-1969 00 /  823:   83.0  2.600  91.90   5.40  25.30  22.60  28.00  27.20  10.61  0.0000
16-AUG-1969 00 /  824:   24.3  2.800  86.70   6.00  25.20  22.20  28.20  27.10   8.98  0.0000
16-SEP-1969 00 /  825:   61.7  3.000  83.60   6.60  25.80  22.50  29.10  27.10   9.08  0.0000
16-OCT-1969 00 /  826:  116.7  3.300  69.90   7.60  26.30  22.50  30.10  28.50  12.63  0.0000
16-NOV-1969 00 /  827:   56.8  3.600  58.10   9.20  27.10  22.50  31.70  29.00   5.95  0.0000
16-DEC-1969 00 /  828:    6.5  3.300  62.70   9.00  27.90  23.40  32.40  30.10   1.29  0.0000
16-JAN-1970 00 /  829:   13.0  3.400  65.30   8.30  27.50  23.40  31.70  29.80   3.92  0.0000
15-FEB-1970 00 /  830:   43.1  4.100  61.40   9.00  29.00  24.50  33.50  30.80   3.45  0.0000
16-MAR-1970 00 /  831:  101.1  4.200  61.40   8.90  28.70  24.30  33.20  31.20   6.67  0.0000
16-APR-1970 00 /  832:  127.7  4.000  65.00   8.40  28.70  24.50  32.90  30.60   8.55  0.0000
16-MAY-1970 00 /  833:  305.0  3.400  70.40   8.40  27.10  22.90  31.30  29.60  14.79  0.0000
16-JUN-1970 00 /  834:  205.5  3.000  82.60   7.70  26.40  22.60  30.30  28.60  13.12  0.0000
16-JUL-1970 00 /  835:   56.9  2.600  88.60   6.40  24.70  21.50  27.90  26.70   8.83  0.0000
16-AUG-1970 00 /  836:   14.6  2.700  88.70   6.30  24.70  21.60  27.90  26.30   7.03  0.0000
16-SEP-1970 00 /  837:   67.4  3.000  83.20   6.90  25.50  22.10  29.00  27.40  12.77  0.0000
16-OCT-1970 00 /  838:  206.6  3.300  69.70   8.10  26.30  22.30  30.40  28.40  11.89  0.0000
16-NOV-1970 00 /  839:   60.3  3.600  58.40   9.10  27.10  22.60  31.70  28.40   4.43  0.0000
16-DEC-1970 00 /  840:    0.5  3.400  55.80   9.80  26.60  21.70  31.50  27.50   0.54  0.0000
16-JAN-1971 00 /  841:   33.4  3.700  56.60   9.60  26.40  21.60  31.20  26.40   2.46  0.0000
15-FEB-1971 00 /  842:  107.0  3.700  61.00   9.20  27.20  22.60  31.80  29.30   4.94  0.0000
16-MAR-1971 00 /  843:  100.4  4.000  62.50   8.90  27.70  23.30  32.20  29.60   7.03  0.0000
16-APR-1971 00 /  844:   62.4  3.900  65.00   8.60  27.70  23.40  32.00  29.40   8.61  0.0000
16-MAY-1971 00 /  845:  144.0  3.600  68.10   9.50  27.20  22.50  32.00  28.90  11.84  0.0000
16-JUN-1971 00 /  846:  318.0  2.800  83.70   7.70  25.40  21.60  29.30  27.70  16.53  0.0000
16-JUL-1971 00 /  847:  115.7  2.700  87.70   6.70  24.50  21.20  27.90  25.80  14.31  0.0000
16-AUG-1971 00 /  848:   58.7  2.500  89.90   5.80  23.90  21.00  26.80  25.80   9.12  0.0000
16-SEP-1971 00 /  849:   97.8  2.900  81.40   6.90  24.70  21.30  28.20  26.50  10.53  0.0000
16-OCT-1971 00 /  850:   52.4  3.400  68.30   8.40  25.90  21.70  30.10  27.30   8.49  0.0000
16-NOV-1971 00 /  851:   20.1  3.700  55.10   9.20  26.90  22.30  31.50  27.90   4.41  0.0000
16-DEC-1971 00 /  852:   50.0  3.500  53.80  10.00  26.00  21.00  31.00  25.90   2.33  0.0000
16-JAN-1972 00 /  853:   20.8  3.600  61.30   9.30  27.00  22.40  31.70  27.50   2.02  0.0000
15-FEB-1972 00 /  854:   57.7  4.000  59.80   9.40  27.90  23.20  32.60  29.40   4.93  0.0000
16-MAR-1972 00 /  855:   99.0  4.100  59.60   9.30  27.60  23.00  32.30  29.20   7.08  0.0000
16-APR-1972 00 /  856:  148.1  3.800  64.40   8.60  27.10  22.80  31.40  29.40  10.21  0.0000
16-MAY-1972 00 /  857:  109.0  3.400  70.40   7.90  26.90  23.00  30.90  29.80  14.12  0.0000
16-JUN-1972 00 /  858:  223.8  2.800  83.50   7.30  25.40  21.80  29.10  27.60  18.20  0.0000
16-JUL-1972 00 /  859:   41.8  2.600  89.60   6.00  25.10  22.10  28.10  27.50  10.07  0.0000
16-AUG-1972 00 /  860:   23.4  2.800  86.20   6.50  24.50  21.30  27.80  25.90   6.81  0.0000
16-SEP-1972 00 /  861:   58.4  3.100  82.20   7.00  25.70  22.20  29.20  26.90   9.01  0.0000
16-OCT-1972 00 /  862:   51.3  3.400  69.90   8.10  26.30  22.30  30.40  28.10  10.82  0.0000
16-NOV-1972 00 /  863:   23.2  3.800  54.00   9.30  27.30  22.70  32.00  28.30   3.27  0.0000
16-DEC-1972 00 /  864:   16.0  3.400  60.50   9.00  27.20  22.70  31.70  28.50   5.55  0.0000
16-JAN-1973 00 /  865:    0.4  3.800  59.20   9.80  27.90  23.00  32.80  27.60   0.62  0.0000
15-FEB-1973 00 /  866:   13.5  4.200  59.20   9.50  29.20  24.50  34.00  30.90   1.79  0.0000
16-MAR-1973 00 /  867:  105.5  4.400  59.90   9.40  28.60  23.90  33.30  28.90   6.38  0.0000
16-APR-1973 00 /  868:   51.7  4.100  63.70   8.90  28.50  24.10  33.00  30.30   8.27  0.0000
16-MAY-1973 00 /  869:  120.3  3.600  68.40   9.00  27.60  23.10  32.10  29.30  10.89  0.0000
16-JUN-1973 00 /  870:  193.1  2.800  83.60   7.70  26.10  22.30  30.00  28.80  16.03  0.0000
16-JUL-1973 00 /  871:  140.3  2.700  87.50   6.90  25.40  22.00  28.90  27.70   8.20  0.0000
16-AUG-1973 00 /  872:  135.8  2.700  85.70   6.40  24.90  21.70  28.10  27.60  11.68  0.0000
16-SEP-1973 00 /  873:  128.5  2.900  82.50   6.90  25.30  21.90  28.80  27.70  13.51  0.0000
16-OCT-1973 00 /  874:  147.8  3.300  68.50   8.50  26.20  22.00  30.50  28.60  10.70  0.0000
16-NOV-1973 00 /  875:   11.5  3.800  49.90  10.20  26.80  21.70  31.90  27.60   3.01  0.0000
16-DEC-1973 00 /  876:   46.8  3.200  63.00   9.30  26.60  22.00  31.30  28.20   2.92  0.0000
16-JAN-1974 00 /  877:   34.4  3.700  60.90   9.70  26.30  21.50  31.20  24.80   3.26  0.0000
15-FEB-1974 00 /  878:    2.8  4.100  56.70   9.40  27.70  23.00  32.40  28.20   2.43  0.0000
16-MAR-1974 00 /  879:  105.6  4.100  62.10   8.80  28.00  23.60  32.40  29.60   7.47  0.0000
16-APR-1974 00 /  880:   85.3  3.800  65.00   8.70  27.50  23.20  31.90  29.60   8.17  0.0000
16-MAY-1974 00 /  881:  178.7  3.400  69.90   7.90  26.50  22.60  30.50  28.80  13.04  0.0000
16-JUN-1974 00 /  882:  293.7  2.800  83.30   7.60  25.50  21.70  29.30  27.90  17.99  0.0000
16-JUL-1974 00 /  883:  146.1  2.700  88.70   6.40  24.60  21.40  27.80  26.10  13.44  0.0000
16-AUG-1974 00 /  884:   43.5  2.800  86.10   6.60  24.60  21.30  27.90  26.40   7.28  0.0000
16-SEP-1974 00 /  885:  141.3  2.800  83.60   6.40  24.70  21.50  27.90  26.90  13.67  0.0000
16-OCT-1974 00 /  886:   94.1  3.200  70.50   7.60  25.60  21.80  29.40  27.60   9.90  0.0000
16-NOV-1974 00 /  887:   33.0  3.600  58.10   9.00  26.90  22.40  31.40  28.10   3.84  0.0000
16-DEC-1974 00 /  888:   37.7  3.500  56.90   9.50  26.20  21.50  31.00  25.70   1.69  0.0000
16-JAN-1975 00 /  889:    0.0  4.200  43.80  11.30  26.30  20.70  32.00  23.80   0.06  0.0000
15-FEB-1975 00 /  890:   49.9  4.000  59.80   9.20  27.40  22.80  32.00  28.10   4.72  0.0000
16-MAR-1975 00 /  891:   39.3  4.100  62.50   8.50  27.90  23.70  32.20  29.50   6.94  0.0000
16-APR-1975 00 /  892:  168.1  3.800  65.00   8.80  27.20  22.80  31.60  29.30  10.34  0.0000
16-MAY-1975 00 /  893:  181.5  3.400  69.70   8.10  26.60  22.60  30.70  29.00  12.20  0.0000
16-JUN-1975 00 /  894:  225.3  2.800  83.40   7.40  25.50  21.80  29.20  27.80  15.97  0.0000
16-JUL-1975 00 /  895:  186.2  2.500  88.80   6.50  24.40  21.20  27.70  26.80  14.62  0.0000
16-AUG-1975 00 /  896:   14.1  2.600  88.80   5.80  23.80  20.90  26.70  25.60   5.70  0.0000
16-SEP-1975 00 /  897:   63.7  2.800  84.00   6.90  24.40  21.00  27.90  26.00   9.16  0.0000
16-OCT-1975 00 /  898:  101.9  3.300  68.50   8.30  25.70  21.60  29.90  27.20  11.56  0.0000
16-NOV-1975 00 /  899:   86.4  3.500  60.00   8.70  26.70  22.40  31.10  28.00   4.96  0.0000
16-DEC-1975 00 /  900:   14.1  3.300  57.20   9.50  26.10  21.40  30.90  27.10   5.35  0.0000
16-JAN-1976 00 /  901:    1.3  3.700  56.10  10.40  26.30  21.10  31.50  25.70   0.72  0.0000
15-FEB-1976 00 /  902:  118.7  3.800  60.80   9.00  27.20  22.70  31.70  28.90   6.07  0.0000
16-MAR-1976 00 /  903:  136.7  3.900  62.20   8.40  27.50  23.30  31.70  29.40   6.67  0.0000
16-APR-1976 00 /  904:  147.8  3.800  65.00   7.90  27.30  23.40  31.30  29.00   8.38  0.0000
16-MAY-1976 00 /  905:  123.1  3.400  70.30   8.40  26.80  22.60  31.00  29.00  10.78  0.0000
16-JUN-1976 00 /  906:  176.8  2.600  86.00   6.80  25.10  21.70  28.50  27.50  15.71  0.0000
16-JUL-1976 00 /  907:   14.6  2.600  90.70   5.90  24.50  21.60  27.50  25.70   7.58  0.0000
16-AUG-1976 00 /  908:   34.3  2.800  87.90   6.30  24.10  21.00  27.30  25.10   5.30  0.0000
16-SEP-1976 00 /  909:   28.6  3.100  80.90   7.30  25.40  21.80  29.10  26.10   9.02  0.0000
16-OCT-1976 00 /  910:   66.5  3.000  74.00   6.90  25.30  21.90  28.80  27.40  11.15  0.0000
16-NOV-1976 00 /  911:   45.1  3.200  66.90   8.40  26.20  22.00  30.40  28.50   7.50  0.0000
16-DEC-1976 00 /  912:   12.4  3.300  62.80   9.30  26.60  22.00  31.30  27.20   5.09  0.0000
16-JAN-1977 00 /  913:   38.6  3.300  69.40   8.10  27.10  23.10  31.20  28.30   2.11  0.0000
15-FEB-1977 00 /  914:   16.8  4.100  61.40   8.80  28.10  23.70  32.50  28.40   2.27  0.0000
16-MAR-1977 00 /  915:   26.1  4.500  60.30   8.70  28.70  24.40  33.10  28.30   4.57  0.0000
16-APR-1977 00 /  916:   78.3  4.100  65.20   8.30  28.50  24.40  32.70  29.20   7.89  0.0000
16-MAY-1977 00 /  917:   91.8  3.600  70.60   8.20  27.60  23.50  31.70  29.10  12.96  0.0000
16-JUN-1977 00 /  918:   99.6  2.800  86.00   6.80  25.90  22.50  29.30  27.90  14.63  0.0000
16-JUL-1977 00 /  919:   16.7  2.800  90.50   6.30  25.30  22.20  28.50  26.40   7.81  0.0000
16-AUG-1977 00 /  920:   14.3  2.800  87.80   6.30  24.40  21.30  27.60  25.60   5.60  0.0000
16-SEP-1977 00 /  921:   97.8  3.000  82.80   7.10  25.60  22.10  29.20  27.10  10.42  0.0000
16-OCT-1977 00 /  922:  153.4  3.300  70.60   7.90  26.30  22.40  30.30  28.10  10.23  0.0000
16-NOV-1977 00 /  923:   26.6  3.700  57.10   9.10  27.40  22.90  32.00  27.80   2.82  0.0000
16-DEC-1977 00 /  924:   13.2  3.500  59.00   9.70  26.60  21.80  31.50  26.10   1.87  0.0000
16-JAN-1978 00 /  925:    7.8  3.700  59.60   9.20  27.40  22.80  32.00  27.40   2.76  0.0000
15-FEB-1978 00 /  926:   46.0  4.100  60.10   8.70  28.70  24.40  33.10  30.10   4.24  0.0000
16-MAR-1978 00 /  927:  122.3  4.000  62.50   8.40  27.70  23.50  31.90  29.60   8.17  0.0000
16-APR-1978 00 /  928:  166.3  3.600  66.10   7.60  26.90  23.10  30.70  29.40  11.64  0.0000
16-MAY-1978 00 /  929:  163.7  3.300  70.60   7.60  26.70  22.90  30.50  29.50  14.96  0.0000
16-JUN-1978 00 /  930:  134.2  2.800  84.20   6.80  25.50  22.10  28.90  27.70  16.83  0.0000
16-JUL-1978 00 /  931:   23.7  2.700  89.10   6.90  24.30  20.90  27.80  25.40   8.08  0.0000
16-AUG-1978 00 /  932:    9.8  2.800  86.20   6.90  24.60  21.20  28.10  25.90   4.85  0.0000
16-SEP-1978 00 /  933:   75.3  3.000  82.40   7.30  25.20  21.60  28.90  26.40  10.59  0.0000
16-OCT-1978 00 /  934:   73.6  3.200  71.10   8.30  25.90  21.80  30.10  28.30  11.01  0.0000
16-NOV-1978 00 /  935:   31.9  3.500  58.30   9.20  26.70  22.10  31.30  28.10   6.14  0.0000
16-DEC-1978 00 /  936:    5.0  3.200  65.60   8.50  27.20  23.00  31.50  28.90   2.51  0.0000
16-JAN-1979 00 /  937:    6.2  3.400  68.10   8.20  27.70  23.60  31.80  29.20   3.01  0.0000
15-FEB-1979 00 /  938:   14.0  4.100  60.30   9.10  28.20  23.70  32.80  29.10   2.27  0.0000
16-MAR-1979 00 /  939:   57.1  4.300  62.30   8.90  28.70  24.30  33.20  29.10   6.11  0.0000
16-APR-1979 00 /  940:  113.5  3.900  65.60   8.00  28.20  24.20  32.20  30.10   9.19  0.0000
16-MAY-1979 00 /  941:  204.4  3.400  71.00   8.10  27.00  23.00  31.10  29.00  15.86  0.0000
16-JUN-1979 00 /  942:  247.2  2.500  88.60   6.40  25.40  22.20  28.60  28.40  19.75  0.0000
16-JUL-1979 00 /  943:  134.2  2.500  91.00   5.70  25.00  22.20  27.90  27.60  14.38  0.0000
16-AUG-1979 00 /  944:   61.9  2.700  88.60   5.80  25.20  22.30  28.10  27.70  11.09  0.0000
16-SEP-1979 00 /  945:  124.8  3.000  83.60   7.10  25.70  22.20  29.30  27.80  12.91  0.0000
16-OCT-1979 00 /  946:  174.5  3.200  71.40   7.70  26.40  22.60  30.30  28.90  12.56  0.0000
16-NOV-1979 00 /  947:   57.3  3.300  65.20   8.00  27.20  23.20  31.20  29.70   7.69  0.0000
16-DEC-1979 00 /  948:   14.9  3.200  63.70   8.30  26.40  22.30  30.60  27.10   1.71  0.0000
16-JAN-1980 00 /  949:    2.2  3.400  67.40   8.50  27.50  23.30  31.80  29.40   1.42  0.0000
15-FEB-1980 00 /  950:   40.3  4.000  63.40   8.50  28.30  24.10  32.60  29.30   4.27  0.0000
16-MAR-1980 00 /  951:   38.6  4.200  61.80   8.40  28.40  24.20  32.60  29.80   5.04  0.0000
16-APR-1980 00 /  952:   98.9  4.000  65.10   8.00  28.50  24.50  32.50  29.90   9.49  0.0000
16-MAY-1980 00 /  953:  200.2  3.300  70.80   7.20  26.80  23.20  30.40  29.60  11.33  0.0000
16-JUN-1980 00 /  954:  163.4  2.700  88.20   6.30  26.20  23.10  29.40  28.90  14.26  0.0000
16-JUL-1980 00 /  955:   50.8  2.600  90.90   5.50  24.90  22.20  27.70  27.10  11.49  0.0000
16-AUG-1980 00 /  956:  101.5  2.700  88.50   5.90  24.80  21.90  27.80  27.00  12.24  0.0000
16-SEP-1980 00 /  957:  200.2  3.000  81.90   6.90  25.80  22.40  29.30  28.10  11.52  0.0000
16-OCT-1980 00 /  958:  201.7  3.200  71.10   7.50  26.00  22.30  29.80  28.50  12.82  0.0000
16-NOV-1980 00 /  959:   55.8  3.400  63.20   8.70  26.90  22.60  31.30  29.10   5.45  0.0000
16-DEC-1980 00 /  960:    5.5  3.400  58.60  10.20  25.80  20.70  30.90  24.50   1.54  0.0000
16-JAN-1981 00 /  961:    1.1  3.800  58.10  10.20  26.90  21.80  32.00  26.30   1.35  0.0000
15-FEB-1981 00 /  962:   12.6  4.200  61.80   8.70  29.00  24.70  33.40  29.70   2.86  0.0000
16-MAR-1981 00 /  963:   67.9  4.400  62.10   8.60  29.00  24.70  33.30  29.50   6.45  0.0000
16-APR-1981 00 /  964:   48.6  4.100  64.80   8.20  28.80  24.70  32.90  30.50   7.74  0.0000
16-MAY-1981 00 /  965:  208.6  3.500  69.10   7.70  27.40  23.60  31.30  29.70  14.53  0.0000
16-JUN-1981 00 /  966:  193.0  2.900  83.40   7.70  26.60  22.80  30.50  29.00  16.10  0.0000
16-JUL-1981 00 /  967:  122.3  2.600  92.10   5.30  25.20  22.60  27.90  27.10  10.76  0.0000
16-AUG-1981 00 /  968:   57.1  2.900  88.80   5.90  25.40  22.50  28.40  26.60   9.09  0.0000
16-SEP-1981 00 /  969:   95.5  3.100  82.50   7.20  26.30  22.70  29.90  27.70  11.01  0.0000
16-OCT-1981 00 /  970:  119.2  3.500  69.10   7.90  27.30  23.40  31.30  28.80  11.62  0.0000
16-NOV-1981 00 /  971:   19.3  3.800  57.40   9.50  27.50  22.80  32.30  27.60   3.36  0.0000
16-DEC-1981 00 /  972:    5.7  3.400  63.60   8.90  28.10  23.70  32.60  29.20   1.14  0.0000
16-JAN-1982 00 /  973:    3.5  4.200  56.20  10.90  27.60  22.20  33.10  23.70   0.63  0.0000
15-FEB-1982 00 /  974:   36.1  4.100  62.00   9.50  28.60  23.90  33.40  28.90   5.16  0.0000
16-MAR-1982 00 /  975:  119.5  4.300  62.60   8.50  28.90  24.70  33.20  29.80   6.57  0.0000
16-APR-1982 00 /  976:  122.0  4.000  66.00   7.90  28.60  24.70  32.60  30.40   8.51  0.0000
16-MAY-1982 00 /  977:  185.2  3.400  71.90   7.80  27.10  23.20  31.00  29.50  14.48  0.0000
16-JUN-1982 00 /  978:  291.0  2.800  88.60   5.80  26.50  23.60  29.40  28.60  15.99  0.0000
16-JUL-1982 00 /  979:  141.9  2.600  94.10   5.70  25.20  22.40  28.10  27.10  10.02  0.0000
16-AUG-1982 00 /  980:   18.3  2.800  89.90   5.50  25.00  22.30  27.80  26.00   7.26  0.0000
16-SEP-1982 00 /  981:    9.1  3.300  82.70   7.00  26.40  22.90  29.90  26.80   8.08  0.0000
16-OCT-1982 00 /  982:  108.2  3.400  71.10   7.40  26.80  23.10  30.50  28.10  11.79  0.0000
16-NOV-1982 00 /  983:   62.8  3.600  61.60   8.60  27.30  23.00  31.60  27.90   4.63  0.0000
16-DEC-1982 00 /  984:    4.1  3.400  62.20   9.00  27.60  23.10  32.10  27.60   1.44  0.0000
16-JAN-1983 00 /  985:    0.0  4.400  47.60  11.80  26.40  20.50  32.30  21.30   0.01  0.0000
15-FEB-1983 00 /  986:   11.3  4.600  54.50  10.50  29.10  23.90  34.40  28.20   1.49  0.0000
16-MAR-1983 00 /  987:    8.5  4.800  59.00   9.10  30.00  25.50  34.60  29.00   3.84  0.0000
16-APR-1983 00 /  988:   79.8  4.300  63.90   8.50  29.70  25.50  34.00  31.10   8.22  0.0000
16-MAY-1983 00 /  989:  194.8  3.600  70.20   7.80  28.30  24.40  32.20  30.50  13.10  0.0000
16-JUN-1983 00 /  990:  216.6  2.800  87.00   6.40  26.30  23.10  29.50  28.70  17.06  0.0000
16-JUL-1983 00 /  991:   67.8  2.700  90.20   6.10  25.50  22.50  28.60  27.20   6.35  0.0000
16-AUG-1983 00 /  992:   15.0  2.800  88.10   6.20  25.20  22.10  28.30  26.50   3.74  0.0000
16-SEP-1983 00 /  993:   72.3  3.100  83.40   6.80  26.30  22.90  29.70  27.70  10.92  0.0000
16-OCT-1983 00 /  994:   27.5  3.600  69.90   7.70  27.60  23.80  31.50  28.40   5.75  0.0000
16-NOV-1983 00 /  995:   32.0  3.700  62.80   8.40  28.20  24.00  32.40  28.90   3.74  0.0000
16-DEC-1983 00 /  996:   40.5  3.100  70.40   8.20  27.40  23.30  31.50  28.50   4.46  0.0000
16-JAN-1984 00 /  997:    0.0  3.900  60.60   9.30  28.00  23.40  32.70  26.60   0.01  0.0000
15-FEB-1984 00 /  998:    4.6  4.600  56.40  10.10  29.00  24.00  34.10  26.80   0.92  0.0000
16-MAR-1984 00 /  999:   95.8  4.400  62.20   8.70  29.20  24.90  33.60  30.10   7.91  0.0000
16-APR-1984 00 / 1000:  127.5  4.000  65.90   7.60  28.40  24.60  32.20  30.00   8.84  0.0000
16-MAY-1984 00 / 1001:  166.0  3.500  70.30   7.60  27.50  23.70  31.30  29.40  13.55  0.0000
16-JUN-1984 00 / 1002:  119.1  2.900  83.40   7.60  26.50  22.70  30.30  28.70  15.36  0.0000
16-JUL-1984 00 / 1003:   87.3  2.900  86.70   7.00  25.90  22.40  29.40  27.80  11.35  0.0000
16-AUG-1984 00 / 1004:   54.3  3.100  84.90   7.10  26.10  22.60  29.70  27.80  12.39  0.0000
16-SEP-1984 00 / 1005:  212.2  3.200  81.00   7.10  26.20  22.70  29.80  27.60  16.06  0.0000
16-OCT-1984 00 / 1006:  140.6  3.500  70.00   8.10  26.90  22.90  31.00  28.50  11.09  0.0000
16-NOV-1984 00 / 1007:   20.4  3.600  62.80   8.30  28.10  24.00  32.30  28.80   4.61  0.0000
16-DEC-1984 00 / 1008:   11.8  3.500  60.10   9.50  27.00  22.30  31.80  25.80   2.16  0.0000
16-JAN-1985 00 / 1009:   19.9  3.800  65.20   9.10  28.00  23.50  32.60  26.80   3.48  0.0000
15-FEB-1985 00 / 1010:    4.6  4.600  54.90  10.10  28.70  23.70  33.80  27.00   3.41  0.0000
16-MAR-1985 00 / 1011:  104.8  4.300  63.80   8.20  29.10  25.00  33.20  30.20   4.97  0.0000
16-APR-1985 00 / 1012:  156.3  4.000  66.00   7.80  28.50  24.60  32.40  30.20   7.53  0.0000
16-MAY-1985 00 / 1013:  198.9  3.400  70.80   7.40  27.10  23.40  30.80  29.30  13.21  0.0000
16-JUN-1985 00 / 1014:  125.4  2.900  85.20   7.20  26.40  22.80  30.00  28.10  14.30  0.0000
16-JUL-1985 00 / 1015:  111.6  2.700  88.50   6.60  25.20  21.90  28.50  27.10  14.24  0.0000
16-AUG-1985 00 / 1016:   88.8  2.900  87.30   6.40  25.70  22.50  28.90  27.30  11.41  0.0000
16-SEP-1985 00 / 1017:  124.7  3.100  81.10   7.60  25.90  22.10  29.70  27.20  12.30  0.0000
16-OCT-1985 00 / 1018:   94.7  3.500  68.20   8.70  26.90  22.60  31.30  28.20   9.54  0.0000
16-NOV-1985 00 / 1019:   85.9  3.600  63.10   8.40  28.10  23.90  32.30  29.20   4.66  0.0000
16-DEC-1985 00 / 1020:    2.4  3.600  59.20   9.50  26.60  21.90  31.40  24.10   1.17  0.0000
16-JAN-1986 00 / 1021:    0.3  3.800  61.30  10.20  27.50  22.40  32.60  26.10   0.43  0.0000
15-FEB-1986 00 / 1022:   67.6  4.300  59.50   9.50  29.00  24.30  33.80  29.20   4.99  0.0000
16-MAR-1986 00 / 1023:   85.4  4.100  63.70   8.10  28.40  24.40  32.50  29.90   7.64  0.0000
16-APR-1986 00 / 1024:   95.9  4.100  65.40   8.10  28.80  24.80  32.90  30.60   9.08  0.0000
16-MAY-1986 00 / 1025:  100.8  3.700  68.30   8.50  28.00  23.80  32.30  29.50  12.81  0.0000
16-JUN-1986 00 / 1026:  205.2  2.900  86.00   7.10  26.40  22.90  30.00  28.10  14.87  0.0000
16-JUL-1986 00 / 1027:   76.7  2.500  90.60   5.80  24.80  21.90  27.70  27.30  11.53  0.0000
16-AUG-1986 00 / 1028:   16.9  2.800  88.70   6.70  24.90  21.60  28.30  26.40   5.86  0.0000
16-SEP-1986 00 / 1029:   63.2  3.000  83.40   6.70  25.80  22.50  29.20  27.30  11.11  0.0000
16-OCT-1986 00 / 1030:  177.7  3.400  71.00   7.50  26.50  22.80  30.30  27.90  11.71  0.0000
16-NOV-1986 00 / 1031:   15.2  3.400  64.10   8.20  27.20  23.10  31.30  28.50   3.91  0.0000
16-DEC-1986 00 / 1032:    3.0  3.600  56.80   9.80  26.80  21.90  31.70  25.10   0.18  0.0000
16-JAN-1987 00 / 1033:    8.2  3.700  63.80   9.00  28.20  23.70  32.70  28.40   1.54  0.0000
15-FEB-1987 00 / 1034:   32.5  4.200  61.30   8.90  29.20  24.80  33.70  29.90   4.27  0.0000
16-MAR-1987 00 / 1035:   73.9  4.300  61.70   8.40  28.90  24.70  33.10  30.10   7.18  0.0000
16-APR-1987 00 / 1036:   37.2  4.400  63.90   8.10  30.00  26.00  34.10  30.60   7.06  0.0000
16-MAY-1987 00 / 1037:   74.7  3.800  68.60   8.00  28.60  24.60  32.60  30.30  12.78  0.0000
16-JUN-1987 00 / 1038:  134.2  3.100  83.80   7.20  27.30  23.70  30.90  29.10  16.02  0.0000
16-JUL-1987 00 / 1039:   71.8  2.900  87.80   6.60  26.70  23.40  30.00  28.70  10.94  0.0000
16-AUG-1987 00 / 1040:  180.7  2.900  87.60   5.80  26.50  23.60  29.40  28.80  16.81  0.0000
16-SEP-1987 00 / 1041:  243.1  3.100  83.30   7.00  26.80  23.30  30.30  29.00  16.79  0.0000
16-OCT-1987 00 / 1042:  150.3  3.400  71.00   7.40  27.30  23.60  31.00  29.20  12.15  0.0000
16-NOV-1987 00 / 1043:   13.8  3.900  57.60   8.90  28.70  24.30  33.20  29.60   2.28  0.0000
16-DEC-1987 00 / 1044:   14.0  3.600  59.60   9.30  27.70  23.10  32.40  27.20   2.34  0.0000
16-JAN-1988 00 / 1045:    1.7  4.000  60.70  10.00  27.80  22.80  32.80  25.30   3.76  0.0000
15-FEB-1988 00 / 1046:   19.9  4.300  59.50   9.20  29.30  24.70  33.90  29.20   3.99  0.0000
16-MAR-1988 00 / 1047:   98.4  4.200  63.60   8.20  29.30  25.20  33.40  31.00   7.33  0.0000
16-APR-1988 00 / 1048:  128.4  4.000  65.50   8.20  28.80  24.70  32.90  30.80   9.75  0.0000
16-MAY-1988 00 / 1049:  125.6  3.600  70.80   7.60  28.20  24.40  32.00  30.50  13.54  0.0000
16-JUN-1988 00 / 1050:  169.8  2.900  84.90   7.10  26.40  22.90  30.00  28.60  17.83  0.0000
16-JUL-1988 00 / 1051:   97.8  2.700  90.00   6.10  25.50  22.50  28.60  27.50  13.11  0.0000
16-AUG-1988 00 / 1052:   20.2  2.900  86.60   6.30  25.30  22.20  28.50  26.90   7.83  0.0000
16-SEP-1988 00 / 1053:  211.1  3.000  83.60   6.80  26.30  22.90  29.70  28.30  12.26  0.0000
16-OCT-1988 00 / 1054:   79.4  3.500  68.70   7.80  27.40  23.50  31.30  29.00  11.05  0.0000
16-NOV-1988 00 / 1055:   37.4  3.700  61.00   8.70  28.20  23.90  32.60  29.20   4.94  0.0000
16-DEC-1988 00 / 1056:   65.6  3.400  64.60   8.90  26.90  22.50  31.40  26.30   3.23  0.0000
16-JAN-1989 00 / 1057:    3.6  4.100  48.60  10.90  26.10  20.70  31.60  22.60   0.01  0.0000
15-FEB-1989 00 / 1058:    5.5  4.600  54.10  10.00  28.20  23.20  33.20  25.00   1.40  0.0000
16-MAR-1989 00 / 1059:   96.3  4.300  60.60   8.50  28.60  24.40  32.90  29.70   7.32  0.0000
16-APR-1989 00 / 1060:  146.2  4.000  65.90   7.70  28.70  24.90  32.60  30.40   9.01  0.0000
16-MAY-1989 00 / 1061:  186.4  3.600  70.00   7.80  27.70  23.80  31.60  29.40  12.71  0.0000
16-JUN-1989 00 / 1062:  274.6  2.900  86.10   6.70  26.60  23.30  30.00  28.80  19.89  0.0000
16-JUL-1989 00 / 1063:  109.8  2.600  90.20   6.00  25.60  22.60  28.60  28.00  13.13  0.0000
16-AUG-1989 00 / 1064:   81.7  2.900  86.10   6.60  25.50  22.20  28.80  27.40  11.35  0.0000
16-SEP-1989 00 / 1065:  121.7  3.100  81.40   7.80  26.00  22.10  29.90  27.80  11.28  0.0000
16-OCT-1989 00 / 1066:  159.6  3.400  69.20   8.20  26.70  22.60  30.80  28.70  12.75  0.0000
16-NOV-1989 00 / 1067:   29.8  3.800  56.80   9.20  28.40  23.80  33.00  30.00   3.34  0.0000
16-DEC-1989 00 / 1068:    7.0  3.400  63.40   9.00  27.50  23.00  32.00  27.90   0.79  0.0000
16-JAN-1990 00 / 1069:   10.9  3.600  67.30   8.80  28.00  23.60  32.40  27.80   1.77  0.0000
15-FEB-1990 00 / 1070:   33.4  4.500  56.20  10.10  28.50  23.50  33.60  27.20   4.18  0.0000
16-MAR-1990 00 / 1071:   29.8  4.900  56.60   9.70  29.90  25.10  34.80  29.20   3.55  0.0000
16-APR-1990 00 / 1072:  148.3  4.000  65.50   8.00  28.60  24.60  32.60  30.50  10.47  0.0000
16-MAY-1990 00 / 1073:   89.4  3.500  70.60   7.60  27.70  23.90  31.50  29.70  10.99  0.0000
16-JUN-1990 00 / 1074:  122.2  3.000  84.60   7.50  27.20  23.50  31.00  29.00  14.33  0.0000
16-JUL-1990 00 / 1075:   59.2  2.600  92.10   5.40  25.40  22.70  28.10  27.40  11.81  0.0000
16-AUG-1990 00 / 1076:   35.0  3.000  87.70   6.20  25.60  22.50  28.70  26.60   5.92  0.0000
16-SEP-1990 00 / 1077:  139.0  3.100  81.90   7.20  26.20  22.60  29.80  27.80  12.18  0.0000
16-OCT-1990 00 / 1078:   92.4  3.500  69.90   7.80  27.20  23.30  31.10  28.70  11.39  0.0000
16-NOV-1990 00 / 1079:   99.3  3.600  63.50   8.50  28.40  24.20  32.70  30.00   6.09  0.0000
16-DEC-1990 00 / 1080:   69.2  3.300  66.60   8.90  27.70  23.30  32.20  28.30   5.67  0.0000
16-JAN-1991 00 / 1081:    5.3  3.700  62.30   8.80  27.40  23.00  31.80  26.80   2.00  0.0000
15-FEB-1991 00 / 1082:   52.2  3.700  63.40   8.40  28.40  24.20  32.60  32.10   4.94  0.0000
16-MAR-1991 00 / 1083:   59.6  4.000  62.30   7.90  28.60  24.70  32.60  31.60   6.04  0.0000
16-APR-1991 00 / 1084:  197.5  3.600  66.00   7.70  27.40  23.60  31.30  30.70  10.75  0.0000
16-MAY-1991 00 / 1085:  211.6  3.300  71.60   7.70  27.00  23.20  30.90  30.50  14.42  0.0000
16-JUN-1991 00 / 1086:  132.3  2.800  86.00   7.50  26.50  22.80  30.30  29.60  14.49  0.0000
16-JUL-1991 00 / 1087:  210.3  2.500  91.90   5.60  25.20  22.40  28.00  28.20  14.25  0.0000
16-AUG-1991 00 / 1088:   32.1  2.500  89.60   5.10  24.70  22.20  27.30  27.60   9.30  0.0000
16-SEP-1991 00 / 1089:   91.4  2.900  83.50   6.90  25.80  22.40  29.30  28.40  11.56  0.0000
16-OCT-1991 00 / 1090:  145.1  3.100  72.20   7.40  25.60  21.90  29.30  28.40  11.55  0.0000
16-NOV-1991 00 / 1091:   14.6  3.400  63.20   8.20  27.10  23.00  31.20  28.90   2.57  0.0000
16-DEC-1991 00 / 1092:    2.2  3.300  63.50   9.00  26.60  22.10  31.10  27.00   2.39  0.0000
16-JAN-1992 00 / 1093:    0.0  3.900  57.80  10.10  26.10  21.10  31.20  22.40   0.01  0.0000
15-FEB-1992 00 / 1094:    1.6  4.500  54.50  10.00  28.30  23.30  33.30  26.70   0.96  0.0000
16-MAR-1992 00 / 1095:   31.9  4.400  62.30   8.40  29.00  24.80  33.20  29.00   5.23  0.0000
16-APR-1992 00 / 1096:  128.9  4.000  65.90   7.60  28.80  25.00  32.60  30.60   9.74  0.0000
16-MAY-1992 00 / 1097:  214.9  3.400  70.10   8.10  27.20  23.20  31.30  30.40  14.27  0.0000
16-JUN-1992 00 / 1098:  109.7  2.700  87.10   7.20  25.70  22.10  29.30  28.50  14.66  0.0000
16-JUL-1992 00 / 1099:   18.6  2.400  91.90   6.00  24.70  21.70  27.70  27.40   9.04  0.0000
16-AUG-1992 00 / 1100:    8.7  2.700  87.80   5.90  24.40  21.50  27.40  26.40   4.28  0.0000
16-SEP-1992 00 / 1101:  139.1  2.900  83.60   6.60  25.10  21.80  28.40  27.10  12.59  0.0000
16-OCT-1992 00 / 1102:   91.8  3.300  70.00   8.30  26.20  22.10  30.40  28.80   8.48  0.0000
16-NOV-1992 00 / 1103:   30.8  3.600  59.20   9.70  26.80  22.00  31.70  27.70   5.64  0.0000
16-DEC-1992 00 / 1104:    8.3  3.500  61.90   9.30  27.60  23.00  32.30  27.10   2.02  0.0000
16-JAN-1993 00 / 1105:    0.9  4.100  51.40  11.30  26.50  20.90  32.20  23.30   0.01  0.0000
15-FEB-1993 00 / 1106:   39.0  4.100  62.70   9.60  28.40  23.60  33.20  28.60   3.88  0.0000
16-MAR-1993 00 / 1107:  141.7  4.100  59.20   9.40  27.70  23.00  32.40  29.30   6.26  0.0000
16-APR-1993 00 / 1108:  108.2  4.000  63.30   8.80  28.20  23.80  32.60  30.20   7.95  0.0000
16-MAY-1993 00 / 1109:  147.7  3.500  68.70   8.40  27.40  23.20  31.60  30.40   8.06  0.0000
16-JUN-1993 00 / 1110:  199.9  2.800  84.80   7.10  26.10  22.60  29.70  28.80  16.83  0.0000
16-JUL-1993 00 / 1111:   69.7  2.600  90.90   6.30  24.80  21.70  28.00  27.00  11.11  0.0000
16-AUG-1993 00 / 1112:   17.3  2.700  87.70   6.30  25.00  21.90  28.20  27.20   9.37  0.0000
16-SEP-1993 00 / 1113:  106.6  3.000  82.50   7.80  25.60  21.70  29.50  27.80  13.65  0.0000
16-OCT-1993 00 / 1114:  127.1  3.300  68.60   8.50  26.70  22.50  31.00  29.80  11.64  0.0000
16-NOV-1993 00 / 1115:   70.7  3.300  62.50   9.50  27.60  22.90  32.40  32.20   6.18  0.0000
16-DEC-1993 00 / 1116:   30.3  3.300  62.50   9.60  27.10  22.30  31.90  27.90   5.20  0.0000
16-JAN-1994 00 / 1117:    8.9  3.600  65.10   8.30  27.10  23.00  31.30  26.40   2.08  0.0000
15-FEB-1994 00 / 1118:   54.9  4.200  59.80   8.90  28.50  24.10  33.00  28.90   3.15  0.0000
16-MAR-1994 00 / 1119:   70.4  4.100  62.60   8.10  28.60  24.60  32.70  30.80   6.23  0.0000
16-APR-1994 00 / 1120:   83.5  3.700  66.00   7.60  27.90  24.10  31.70  31.30   9.42  0.0000
16-MAY-1994 00 / 1121:  160.5  3.400  69.70   7.90  27.10  23.20  31.10  30.40  13.26  0.0000
16-JUN-1994 00 / 1122:  196.6  2.700  86.70   7.60  26.10  22.30  29.90  29.00  14.06  0.0000
16-JUL-1994 00 / 1123:   30.5  2.500  90.90   5.90  24.90  22.00  27.90  27.80   9.09  0.0000
16-AUG-1994 00 / 1124:   18.9  2.600  88.70   5.60  24.80  22.00  27.60  27.30   8.40  0.0000
16-SEP-1994 00 / 1125:   53.2  2.800  84.40   6.90  25.60  22.20  29.10  28.30  12.75  0.0000
16-OCT-1994 00 / 1126:  198.3  3.200  70.60   8.40  26.10  21.90  30.30  29.30  14.78  0.0000
16-NOV-1994 00 / 1127:   40.6  3.600  57.60   9.60  27.10  22.30  31.90  28.30   5.82  0.0000
16-DEC-1994 00 / 1128:    0.0  3.700  51.00   9.30  26.40  21.80  31.10  24.50   0.01  0.0000
16-JAN-1995 00 / 1129:    0.0  3.900  58.10  11.40  27.10  21.40  32.80  25.30   1.09  0.0000
15-FEB-1995 00 / 1130:   12.1  4.500  55.90  10.20  28.50  23.40  33.60  27.00   2.94  0.0000
16-MAR-1995 00 / 1131:  136.7  3.900  62.50   8.40  28.20  24.00  32.40  31.20   6.68  0.0000
16-APR-1995 00 / 1132:  167.9  3.900  64.20   8.30  28.30  24.20  32.50  31.70   9.97  0.0000
16-MAY-1995 00 / 1133:  108.2  3.500  68.90   8.30  27.40  23.30  31.60  30.50  14.45  0.0000
16-JUN-1995 00 / 1134:  216.3  2.800  84.10   7.30  26.30  22.70  30.00  29.40  18.10  0.0000
16-JUL-1995 00 / 1135:   80.7  2.500  90.20   6.10  25.30  22.30  28.40  28.40  13.25  0.0000
16-AUG-1995 00 / 1136:   78.3  2.600  88.10   6.00  25.20  22.20  28.20  28.30  14.44  0.0000
16-SEP-1995 00 / 1137:  108.0  2.900  82.50   7.40  25.70  22.00  29.40  28.30  11.88  0.0000
16-OCT-1995 00 / 1138:   86.4  3.200  70.40   8.10  26.30  22.30  30.40  29.40   9.85  0.0000
16-NOV-1995 00 / 1139:   36.7  3.600  58.70  10.00  27.30  22.30  32.30  28.50   6.46  0.0000
16-DEC-1995 00 / 1140:   16.0  3.400  58.10   9.80  27.30  22.40  32.20  29.60   4.14  0.0000
16-JAN-1996 00 / 1141:    4.5  3.900  52.80   8.10  27.70  23.70  31.80  27.90   2.19  0.0000
15-FEB-1996 00 / 1142:   62.4  4.300  45.50   8.60  28.40  24.10  32.70  31.00   4.58  0.0000
16-MAR-1996 00 / 1143:  111.9  4.300  55.00   8.30  28.50  24.40  32.70  30.90   7.35  0.0000
16-APR-1996 00 / 1144:  176.3  4.000  63.90   8.00  28.10  24.10  32.10  30.00   9.22  0.0000
16-MAY-1996 00 / 1145:  147.0  3.200  76.40   8.20  27.40  23.30  31.50  30.70   9.02  0.0000
16-JUN-1996 00 / 1146:  171.6  2.700  85.00   7.00  26.20  22.70  29.70  29.30  17.17  0.0000
16-JUL-1996 00 / 1147:  151.3  2.700  87.60   6.90  25.30  21.90  28.80  28.10  13.54  0.0000
16-AUG-1996 00 / 1148:   64.3  2.500  89.90   6.30  24.80  21.70  28.00  27.70  12.62  0.0000
16-SEP-1996 00 / 1149:   26.6  2.800  85.70   6.90  25.10  21.70  28.60  27.70   6.13  0.0000
16-OCT-1996 00 / 1150:   86.6  3.300  68.70   8.10  26.20  22.20  30.30  28.60   9.10  0.0000
16-NOV-1996 00 / 1151:    3.7  3.700  58.90   9.10  27.50  23.00  32.10  27.50   2.17  0.0000
16-DEC-1996 00 / 1152:    8.2  3.700  50.00   9.30  27.40  22.80  32.10  28.30   1.75  0.0000
16-JAN-1997 00 / 1153:   12.0  3.900  52.40   9.20  27.70  23.10  32.30  28.40   3.42  0.0000
15-FEB-1997 00 / 1154:    3.6  4.900  47.90  11.50  28.30  22.60  34.10  25.10   1.98  0.0000
16-MAR-1997 00 / 1155:  143.3  4.100  66.70   8.30  28.10  24.00  32.30  28.50   7.84  0.0000
16-APR-1997 00 / 1156:  109.5  3.700  66.10   7.60  27.50  23.70  31.30  30.50  11.21  0.0000
16-MAY-1997 00 / 1157:  147.8  3.300  68.50   8.00  26.80  22.80  30.80  30.20  13.10  0.0000
16-JUN-1997 00 / 1158:  242.0  2.600  87.20   6.80  25.80  22.40  29.20  29.00  19.09  0.0000
16-JUL-1997 00 / 1159:   86.6  2.400  95.10   6.30  24.90  21.80  28.10  27.40   9.83  0.0000
16-AUG-1997 00 / 1160:   35.3  2.500  93.30   6.80  24.90  21.50  28.30  27.30  10.38  0.0000
16-SEP-1997 00 / 1161:   99.5  3.300  74.60   7.90  26.30  22.40  30.30  28.80  11.20  0.0000
16-OCT-1997 00 / 1162:  243.4  3.200  70.10   8.50  26.70  22.50  31.00  30.40  13.72  0.0000
16-NOV-1997 00 / 1163:   55.1  3.400  62.50   8.60  27.60  23.30  31.90  30.70   4.03  0.0000
16-DEC-1997 00 / 1164:   35.3  3.600  52.10   8.60  27.40  23.10  31.70  28.70   4.09  0.0000
16-JAN-1998 00 / 1165:   10.9  3.800  60.90  10.10  27.20  22.20  32.30  25.40   1.72  0.0000
15-FEB-1998 00 / 1166:   30.7  4.500  52.10   9.80  29.30  24.40  34.20  29.80   3.22  0.0000
16-MAR-1998 00 / 1167:   24.6  4.700  63.30   9.10  30.00  25.50  34.60  28.90   3.19  0.0000
16-APR-1998 00 / 1168:   93.8  4.200  60.80   8.00  29.60  25.60  33.60  32.20   8.57  0.0000
16-MAY-1998 00 / 1169:  176.1  3.600  65.50   7.90  28.20  24.30  32.20  31.80  13.72  0.0000
16-JUN-1998 00 / 1170:  145.7  3.100  74.70   7.90  26.80  22.90  30.80  29.90  12.71  0.0000
16-JUL-1998 00 / 1171:   52.2  2.400  96.10   5.50  25.50  22.80  28.30  28.50   7.81  0.0000
16-AUG-1998 00 / 1172:   37.9  2.800  82.90   6.50  24.90  21.70  28.20  27.30   6.61  0.0000
16-SEP-1998 00 / 1173:   90.2  3.000  80.40   7.20  25.80  22.20  29.40  28.50   9.35  0.0000
16-OCT-1998 00 / 1174:  151.5  3.300  65.60   8.30  26.60  22.50  30.80  30.30  13.35  0.0000
16-NOV-1998 00 / 1175:   48.8  3.700  58.60   9.10  28.00  23.50  32.60  30.10   6.10  0.0000
16-DEC-1998 00 / 1176:    6.4  3.300  65.10   9.60  27.50  22.70  32.30  28.60   3.65  0.0000
16-JAN-1999 00 / 1177:   33.2  3.800  52.40   8.90  27.50  23.10  32.00  28.70   4.88  0.0000
15-FEB-1999 00 / 1178:   53.1  4.400  46.50   9.20  28.10  23.50  32.70  28.70   9.15  0.0000
16-MAR-1999 00 / 1179:   80.2  4.200  51.30   8.80  28.30  23.90  32.70  32.00   7.27  0.0000
16-APR-1999 00 / 1180:  125.3  3.800  67.40   8.50  28.00  23.80  32.30  30.40   9.45  0.0000
16-MAY-1999 00 / 1181:   98.6  3.600  65.80   8.40  27.50  23.30  31.70  29.80  12.04  0.0000
16-JUN-1999 00 / 1182:  166.0  3.000  83.90   7.70  26.70  22.90  30.60  28.80  18.99  0.0000
16-JUL-1999 00 / 1183:  175.1  2.300  97.90   6.50  25.30  22.10  28.60  28.40  16.96  0.0000
16-AUG-1999 00 / 1184:   98.1  2.800  80.50   6.50  24.80  21.60  28.10  27.40  10.63  0.0000
16-SEP-1999 00 / 1185:  114.2  2.800  85.50   6.90  25.20  21.80  28.70  27.70   7.80  0.0000
16-OCT-1999 00 / 1186:  161.2  3.000  73.80   7.80  25.90  22.00  29.80  29.10  15.93  0.0000
16-NOV-1999 00 / 1187:   43.4  3.500  61.10   9.20  27.60  23.00  32.20  29.50   9.63  0.0000
16-DEC-1999 00 / 1188:   10.6  3.600  58.80  10.10  27.50  22.50  32.60  27.00   2.70  0.0000
16-JAN-2000 00 / 1189:    4.1  4.000  56.20   9.60  28.10  23.30  32.90  27.60   1.31  0.0000
15-FEB-2000 00 / 1190:    2.7  4.600  58.10  10.00  28.10  23.10  33.10  24.00   0.16  0.0000
16-MAR-2000 00 / 1191:   90.0  4.700  54.70   9.20  29.20  24.60  33.80  29.30   4.44  0.0000
16-APR-2000 00 / 1192:   98.0  4.200  58.50   8.70  28.60  24.30  33.00  31.40   9.13  0.0000
16-MAY-2000 00 / 1193:  117.4  3.800  62.60   8.70  27.90  23.60  32.30  30.30  12.09  0.0000
16-JUN-2000 00 / 1194:  156.3  2.900  82.30   7.50  26.30  22.60  30.10  29.10  14.43  0.0000
16-JUL-2000 00 / 1195:   87.8  2.600  89.60   6.30  25.30  22.20  28.50  27.70  11.62  0.0000
16-AUG-2000 00 / 1196:   57.6  2.700  84.20   5.80  24.70  21.80  27.60  27.20  13.00  0.0000
16-SEP-2000 00 / 1197:  123.8  3.100  79.50   7.90  25.80  21.90  29.80  28.20  14.47  0.0000
16-OCT-2000 00 / 1198:   98.7  3.400  65.20   8.80  26.50  22.10  30.90  29.10   8.21  0.0000
16-NOV-2000 00 / 1199:   15.4  3.800  54.40   9.50  27.90  23.20  32.70  29.20   3.04  0.0000
16-DEC-2000 00 / 1200:    5.5  3.700  54.80  10.60  27.70  22.40  33.00  26.60   0.08  0.0000
16-JAN-2001 00 / 1201:   15.6  4.100  44.60   9.80  27.40  22.50  32.30  27.50   2.24  0.0000
15-FEB-2001 00 / 1202:    3.2  4.700  52.90  10.10  28.60  23.60  33.70  26.10   2.18  0.0000
16-MAR-2001 00 / 1203:   41.7  4.600  53.70   8.80  29.30  24.90  33.70  30.30   7.05  0.0000
16-APR-2001 00 / 1204:  151.8  4.100  61.40   8.30  28.40  24.30  32.60  30.50   8.65  0.0000
16-MAY-2001 00 / 1205:  158.0  3.500  70.00   8.10  27.70  23.70  31.80  30.30  13.20  0.0000
16-JUN-2001 00 / 1206:  182.8  2.900  81.50   7.00  26.20  22.70  29.70  28.90  18.60  0.0000
16-JUL-2001 00 / 1207:   46.9  2.400  96.90   6.10  25.50  22.50  28.60  28.10  10.50  0.0000
16-AUG-2001 00 / 1208:   20.2  2.400  97.10   6.20  24.90  21.80  28.00  27.40   5.26  0.0000
16-SEP-2001 00 / 1209:  127.6  3.000  80.60   7.00  25.70  22.20  29.20  27.90  15.97  0.0000
16-OCT-2001 00 / 1210:   54.6  3.600  67.20   7.90  27.00  23.10  31.00  28.30   7.79  0.0000
16-NOV-2001 00 / 1211:   16.0  3.800  60.00   8.90  28.30  23.90  32.80  29.00   6.49  0.0000
16-DEC-2001 00 / 1212:    4.6  3.800  50.20   9.30  28.20  23.60  32.90  28.20   1.76  0.0000
16-JAN-2002 00 / 1213:   32.9  3.500  68.60   9.60  27.20  22.40  32.00  26.40   6.10  0.0000
15-FEB-2002 00 / 1214:   11.5  4.500  50.00   9.40  28.40  23.70  33.10  27.80   1.63  0.0000
16-MAR-2002 00 / 1215:   73.2  4.400  58.40   8.80  29.10  24.70  33.50  31.10   8.71  0.0000
16-APR-2002 00 / 1216:  147.3  3.900  65.00   8.30  28.50  24.40  32.70  31.60  11.72  0.0000
16-MAY-2002 00 / 1217:  127.5  3.700  65.40   8.10  28.00  24.00  32.10  30.60  12.95  0.0000
16-JUN-2002 00 / 1218:  320.0  3.000  80.00   7.20  26.70  23.10  30.30  29.10  15.42  0.0000
16-JUL-2002 00 / 1219:  110.8  2.500  95.40   6.10  26.00  23.00  29.10  28.80  17.20  0.0000
16-AUG-2002 00 / 1220:   52.1  2.800  85.70   6.20  25.40  22.30  28.50  27.70   9.35  0.0000
16-SEP-2002 00 / 1221:   53.6  3.200  76.10   6.90  25.90  22.50  29.40  28.00   9.27  0.0000
16-OCT-2002 00 / 1222:  179.4  3.200  72.90   7.90  26.30  22.40  30.30  29.10  15.49  0.0000
16-NOV-2002 00 / 1223:   43.4  3.600  59.50   8.70  28.00  23.70  32.40  30.00   4.93  0.0000
16-DEC-2002 00 / 1224:    2.3  3.800  50.30   9.90  27.70  22.80  32.70  27.30   1.34  0.0000
16-JAN-2003 00 / 1225:   37.3  3.800  56.70   9.60  27.80  23.00  32.60  28.00   5.07  0.0000
15-FEB-2003 00 / 1226:   27.8  4.200  58.50   8.90  29.30  24.90  33.80  31.70   5.11  0.0000
16-MAR-2003 00 / 1227:   40.8  4.600  62.60   8.90  29.50  25.10  34.00  29.10   3.19  0.0000
16-APR-2003 00 / 1228:  162.5  3.800  63.70   7.80  28.10  24.20  32.00  31.30  10.36  0.0000
16-MAY-2003 00 / 1229:  111.9  3.700  66.10   8.10  28.10  24.10  32.20  30.40   9.78  0.0000
16-JUN-2003 00 / 1230:  237.9  2.600  90.40   6.80  26.20  22.80  29.60  29.50  17.47  0.0000
16-JUL-2003 00 / 1231:   73.4  2.800  80.70   6.60  25.40  22.10  28.70  28.10   9.57  0.0000
16-AUG-2003 00 / 1232:   59.3  2.900  82.30   6.40  25.30  22.10  28.50  27.90   9.01  0.0000
16-SEP-2003 00 / 1233:  145.1  3.100  78.60   6.80  26.10  22.70  29.50  28.50  13.24  0.0000
16-OCT-2003 00 / 1234:  174.8  3.500  65.40   7.70  27.30  23.50  31.20  30.70  16.82  0.0000
16-NOV-2003 00 / 1235:   73.5  3.600  58.20   9.40  27.90  23.20  32.60  31.00   8.55  0.0000
16-DEC-2003 00 / 1236:   15.4  3.500  60.80   8.90  27.70  23.30  32.20  28.10   1.23  0.0000
16-JAN-2004 00 / 1237:   29.6  3.600  61.90   8.70  27.80  23.50  32.20  28.90   4.39  0.0000
15-FEB-2004 00 / 1238:   26.0  4.100  63.60   8.80  28.70  24.30  33.10  29.30   3.37  0.0000
16-MAR-2004 00 / 1239:   28.6  4.200  69.10   8.10  29.10  25.10  33.20  29.20   5.60  0.0000
16-APR-2004 00 / 1240:   94.2  3.800  66.70   7.50  28.30  24.60  32.10  31.80   8.08  0.0000
16-MAY-2004 00 / 1241:  189.1  3.100  78.10   6.90  27.20  23.80  30.70  30.70  15.71  0.0000
16-JUN-2004 00 / 1242:  144.8  2.700  88.20   7.00  26.10  22.60  29.60  28.90  12.04  0.0000
16-JUL-2004 00 / 1243:   98.0  2.800  83.50   5.70  25.30  22.50  28.20  27.80  12.32  0.0000
16-AUG-2004 00 / 1244:   46.0  2.700  86.60   5.90  25.20  22.30  28.20  27.90  11.18  0.0000
16-SEP-2004 00 / 1245:  187.1  3.100  78.60   7.20  26.20  22.60  29.80  28.40  14.24  0.0000
16-OCT-2004 00 / 1246:  198.7  3.300  68.40   8.10  26.80  22.80  30.90  30.00  14.64  0.0000
16-NOV-2004 00 / 1247:   46.7  3.500  57.60   8.30  27.90  23.80  32.10  31.50   8.57  0.0000
16-DEC-2004 00 / 1248:    6.6  3.400  57.40   8.20  28.10  24.00  32.20  31.80   1.06  0.0000
16-JAN-2005 00 / 1249:    1.3  3.600  71.20   9.90  27.10  22.20  32.10  25.50   0.41  0.0000
15-FEB-2005 00 / 1250:   35.3  3.900  66.90   8.30  29.70  25.60  33.90  32.70   6.63  0.0000
16-MAR-2005 00 / 1251:  152.0  4.200  59.40   8.20  29.60  25.50  33.70  33.40   9.60  0.0000
16-APR-2005 00 / 1252:   71.0  4.100  61.90   7.80  29.10  25.20  33.00  32.30   7.92  0.0000
16-MAY-2005 00 / 1253:  165.3  3.500  69.50   7.50  27.70  24.00  31.50  30.60  15.10  0.0000
16-JUN-2005 00 / 1254:  194.9  2.600  91.10   6.40  26.30  23.10  29.50  29.40  14.44  0.0000
16-JUL-2005 00 / 1255:   78.7  2.600  88.50   5.80  25.50  22.60  28.40  28.30   9.80  0.0000
16-AUG-2005 00 / 1256:   42.1  2.800  86.60   6.10  25.10  22.10  28.20  27.10   5.96  0.0000
16-SEP-2005 00 / 1257:   79.9  3.100  81.30   6.70  26.50  23.20  29.90  28.60   9.37  0.0000
16-OCT-2005 00 / 1258:  124.4  3.400  68.90   7.90  27.00  23.10  31.00  29.40  13.17  0.0000
16-NOV-2005 00 / 1259:   61.4  3.900  52.10   8.60  28.40  24.10  32.70  30.10   5.34  0.0000
16-DEC-2005 00 / 1260:   15.4  3.500  60.20   9.00  28.30  23.80  32.80  29.70   3.52  0.0000
16-JAN-2006 00 / 1261:   20.5  3.500  56.40   8.40  27.80  23.60  32.00  31.70   3.13  0.0000
15-FEB-2006 00 / 1262:   11.3  3.900  63.30   8.60  29.20  24.90  33.50  31.90   3.03  0.0000
16-MAR-2006 00 / 1263:   72.4  4.300  61.20   8.50  29.00  24.80  33.30  30.80   7.28  0.0000
16-APR-2006 00 / 1264:   68.0  4.400  57.50   8.30  29.50  25.40  33.70  31.00   9.28  0.0000
16-MAY-2006 00 / 1265:  229.4  3.300  73.90   7.80  27.20  23.30  31.10  30.20  17.48  0.0000
16-JUN-2006 00 / 1266:  169.6  3.200  77.30   7.90  27.20  23.30  31.20  29.50  14.75  0.0000
16-JUL-2006 00 / 1267:   66.1  2.900  83.90   6.20  26.30  23.20  29.40  28.60  11.77  0.0000
16-AUG-2006 00 / 1268:   36.3  2.700  89.30   6.10  25.40  22.40  28.50  27.60   7.51  0.0000
16-SEP-2006 00 / 1269:  144.4  2.900  84.40   6.60  26.10  22.80  29.40  28.40  14.48  0.0000
16-OCT-2006 00 / 1270:  135.2  3.300  71.90   7.80  27.20  23.30  31.10  30.20  15.01  0.0000
16-NOV-2006 00 / 1271:   56.7  3.800  54.30   8.50  27.40  23.20  31.70  27.60   6.11  0.0000
16-DEC-2006 00 / 1272:    0.7  3.500  58.90   9.30  27.40  22.80  32.10  27.40   0.08  0.0000
16-JAN-2007 00 / 1273:    0.4  3.900  66.20  10.10  26.90  21.90  32.00  22.80   0.06  0.0000
15-FEB-2007 00 / 1274:   17.6  4.200  63.20   9.50  29.20  24.50  34.00  29.80   3.27  0.0000
16-MAR-2007 00 / 1275:   75.4  4.500  61.50   8.70  29.60  25.30  34.00  29.70   6.99  0.0000
16-APR-2007 00 / 1276:  105.7  4.000  60.60   8.10  28.50  24.50  32.60  32.20   8.76  0.0000
16-MAY-2007 00 / 1277:  186.3  3.400  72.80   7.90  27.70  23.80  31.70  31.10  14.82  0.0000
16-JUN-2007 00 / 1278:  214.2  2.700  87.20   7.00  26.40  22.90  29.90  29.30  17.47  0.0000
16-JUL-2007 00 / 1279:  172.9  2.800  88.00   6.00  25.90  22.90  28.90  28.20  14.74  0.0000
16-AUG-2007 00 / 1280:   78.6  2.700  87.50   6.00  25.30  22.30  28.30  27.80  14.36  0.0000
16-SEP-2007 00 / 1281:  155.1  3.100  79.80   6.80  26.30  22.90  29.70  28.70  16.38  0.0000
16-OCT-2007 00 / 1282:  160.9  3.300  71.00   7.70  27.00  23.20  30.90  29.50  15.47  0.0000
16-NOV-2007 00 / 1283:   72.9  3.400  62.20   8.90  27.80  23.40  32.30  32.30  12.20  0.0000
16-DEC-2007 00 / 1284:   35.9  3.300  67.70   9.30  27.90  23.30  32.60  28.60   1.28  0.0000
16-JAN-2008 00 / 1285:    5.1  3.600  69.60   9.70  25.80  21.00  30.70  22.60   2.24  0.0000
15-FEB-2008 00 / 1286:   28.4  3.600  86.50   9.50  28.30  23.60  33.10  26.70   2.77  0.0000
16-MAR-2008 00 / 1287:   90.2  4.300  61.40   8.90  29.00  24.60  33.50  30.50   9.53  0.0000
16-APR-2008 00 / 1288:  121.6  4.000  66.40   8.30  28.80  24.70  33.00  30.70  10.17  0.0000
16-MAY-2008 00 / 1289:  180.0  3.300  78.40   8.10  27.50  23.50  31.60  29.90  15.96  0.0000
16-JUN-2008 00 / 1290:  244.0  2.800  85.10   7.20  26.40  22.80  30.00  29.20  18.72  0.0000
16-JUL-2008 00 / 1291:  176.7  2.700  87.30   5.90  25.60  22.70  28.60  28.50  17.38  0.0000
16-AUG-2008 00 / 1292:   56.0  2.800  84.30   6.00  25.20  22.20  28.20  27.80  10.05  0.0000
16-SEP-2008 00 / 1293:  140.2  2.800  89.00   6.90  26.20  22.80  29.70  28.80  13.11  0.0000
16-OCT-2008 00 / 1294:  121.2  3.300  68.80   7.80  27.00  23.10  30.90  30.20  13.85  0.0000
16-NOV-2008 00 / 1295:   80.4  3.700  57.10   9.10  27.90  23.40  32.50  30.00   6.03  0.0000
16-DEC-2008 00 / 1296:   32.5  3.400  62.00   9.00  28.10  23.60  32.60  29.60   3.23  0.0000
16-JAN-2009 00 / 1297:   16.6  3.800  62.50   9.90  27.80  22.90  32.80  26.90   2.05  0.0000
15-FEB-2009 00 / 1298:   36.4  3.900  62.70   8.60  29.20  24.90  33.50  32.10   2.98  0.0000
16-MAR-2009 00 / 1299:   54.1  4.100  67.10   8.80  29.30  24.90  33.70  31.60   5.17  0.0000
16-APR-2009 00 / 1300:  162.8  3.900  62.80   8.00  28.10  24.10  32.10  31.00  10.73  0.0000
16-MAY-2009 00 / 1301:  143.3  3.600  67.50   8.20  27.90  23.80  32.00  30.80  12.90  0.0000
16-JUN-2009 00 / 1302:  271.5  2.800  86.00   7.40  26.70  23.00  30.40  29.80  19.54  0.0000
16-JUL-2009 00 / 1303:  138.5  2.800  85.80   5.70  25.80  23.00  28.70  28.50  12.61  0.0000
16-AUG-2009 00 / 1304:   45.4  2.600  89.20   5.40  25.20  22.50  27.90  28.10   8.06  0.0000
16-SEP-2009 00 / 1305:   49.0  3.100  81.60   6.90  26.30  22.90  29.80  28.60   6.97  0.0000
16-OCT-2009 00 / 1306:  108.5  3.100  72.40   7.00  26.80  23.30  30.30  30.40   9.12  0.0000
16-NOV-2009 00 / 1307:   57.6  3.700  54.00   8.80  27.80  23.40  32.20  30.00   7.15  0.0000
16-DEC-2009 00 / 1308:   17.5  3.600  52.40   9.50  28.20  23.50  33.00  30.70   1.96  0.0000
16-JAN-2010 00 / 1309:   20.0  4.000  55.00  10.10  28.50  23.50  33.60  29.20   3.58  0.0000
15-FEB-2010 00 / 1310:   46.2  4.500  53.40   8.80  30.00  25.60  34.40  31.20   5.10  0.0000
16-MAR-2010 00 / 1311:   92.7  4.100  72.30   8.40  30.10  25.90  34.30  32.20   5.66  0.0000
16-APR-2010 00 / 1312:   66.3  4.200  60.20   8.20  29.40  25.30  33.50  32.60   7.48  0.0000
16-MAY-2010 00 / 1313:  139.2  3.300  75.70   7.40  28.30  24.60  32.00  32.10  14.18  0.0000
16-JUN-2010 00 / 1314:  237.6  2.800  87.90   6.80  27.10  23.70  30.50  30.40  16.35  0.0000
16-JUL-2010 00 / 1315:  128.5  2.900  83.10   6.00  25.90  22.90  28.90  28.50  14.09  0.0000
16-AUG-2010 00 / 1316:   65.2  2.800  86.10   6.10  25.70  22.70  28.80  28.50  13.06  0.0000
16-SEP-2010 00 / 1317:  205.6  2.800  85.60   6.60  26.00  22.70  29.30  28.80  13.12  0.0000
16-OCT-2010 00 / 1318:  182.0  3.200  72.60   7.20  26.90  23.30  30.50  30.30  13.56  0.0000
16-NOV-2010 00 / 1319:  122.1  3.700  55.70   8.60  28.10  23.80  32.40  30.90   8.31  0.0000
16-DEC-2010 00 / 1320:   21.2  3.600  53.30   9.60  27.80  23.00  32.60  29.30   2.90  0.0000
