YEAR        X      XX          PRED   PETD   CLDD   DTRD   TMPD   TMND   TMXD   VAPD   WETD    FRSD
16-JAN-1960 00 /  709:   72.8  4.800  57.50  14.30  22.80  15.70  30.00  15.40  13.60  0.0000
15-FEB-1960 00 /  710:   70.9  4.800  62.30  14.10  23.20  16.20  30.30  16.40  14.35  0.0000
16-MAR-1960 00 /  711:  293.5  4.300  74.40  13.50  22.70  16.00  29.50  16.70  24.69  0.0000
16-APR-1960 00 /  712:  247.7  3.700  77.00  11.50  22.10  16.40  27.90  17.70  24.92  0.0000
16-MAY-1960 00 /  713:  164.8  3.500  69.50  11.40  22.30  16.60  28.00  18.40  19.31  0.0000
16-JUN-1960 00 /  714:   82.6  3.200  89.20  12.00  21.50  15.50  27.50  16.50  12.93  0.0000
16-JUL-1960 00 /  715:   66.5  3.600  63.80  12.10  21.00  15.00  27.10  16.10  11.78  0.0000
16-AUG-1960 00 /  716:   75.1  4.000  63.50  12.70  21.70  15.40  28.10  16.20  12.43  0.0000
16-SEP-1960 00 /  717:  117.0  4.500  61.00  13.70  21.90  15.10  28.80  15.60  15.78  0.0000
16-OCT-1960 00 /  718:   96.7  4.600  65.80  14.00  22.70  15.70  29.70  15.40  16.59  0.0000
16-NOV-1960 00 /  719:   88.9  4.300  68.50  13.30  22.60  16.00  29.30  16.40  16.97  0.0000
16-DEC-1960 00 /  720:   33.0  4.500  61.70  14.10  22.90  15.90  30.00  16.10  10.61  0.0000
16-JAN-1961 00 /  721:    5.0  5.200  52.70  16.10  23.30  15.30  31.40  14.90   3.52  0.0000
15-FEB-1961 00 /  722:   63.4  4.800  63.30  13.70  23.20  16.40  30.10  16.10  12.51  0.0000
16-MAR-1961 00 /  723:  179.4  4.700  64.20  13.80  23.30  16.40  30.20  16.70  19.83  0.0000
16-APR-1961 00 /  724:  160.4  4.000  69.10  12.10  22.80  16.80  28.90  17.90  20.54  0.0000
16-MAY-1961 00 /  725:  152.4  3.800  63.70  12.00  23.30  17.30  29.30  19.20  18.66  0.0000
16-JUN-1961 00 /  726:   47.4  3.800  57.50  12.50  22.20  16.00  28.50  17.10  10.07  0.0000
16-JUL-1961 00 /  727:   45.8  3.600  65.30  11.80  21.50  15.60  27.40  16.90  10.10  0.0000
16-AUG-1961 00 /  728:  149.5  3.800  69.90  11.90  21.50  15.60  27.50  16.30  16.39  0.0000
16-SEP-1961 00 /  729:  184.5  4.300  64.90  12.80  21.80  15.40  28.20  15.60  19.72  0.0000
16-OCT-1961 00 /  730:  121.7  4.400  71.80  13.00  22.20  15.70  28.70  15.10  18.61  0.0000
16-NOV-1961 00 /  731:  454.2  3.700  84.00  11.00  21.10  15.60  26.60  15.20  30.00  0.0000
16-DEC-1961 00 /  732:  204.8  3.900  71.30  12.20  21.50  15.40  27.60  15.50  24.95  0.0000
16-JAN-1962 00 /  733:  108.8  4.300  68.00  12.80  21.50  15.10  27.90  14.40  16.65  0.0000
15-FEB-1962 00 /  734:   20.7  5.200  47.60  15.20  22.50  14.90  30.10  14.90   8.10  0.0000
16-MAR-1962 00 /  735:  219.7  4.500  66.00  13.50  22.60  15.90  29.40  16.10  21.74  0.0000
16-APR-1962 00 /  736:  253.8  4.000  64.90  12.40  22.40  16.20  28.60  17.60  25.30  0.0000
16-MAY-1962 00 /  737:  316.8  3.500  66.90  11.20  21.60  16.00  27.20  17.50  25.92  0.0000
16-JUN-1962 00 /  738:  138.1  3.700  58.40  12.10  21.40  15.40  27.50  16.20  16.50  0.0000
16-JUL-1962 00 /  739:   88.3  3.800  60.80  12.90  21.00  14.60  27.50  15.70  13.69  0.0000
16-AUG-1962 00 /  740:   97.7  3.900  64.50  12.60  21.60  15.30  27.90  16.30  13.96  0.0000
16-SEP-1962 00 /  741:  153.3  4.500  61.40  13.70  21.70  14.90  28.60  15.30  18.06  0.0000
16-OCT-1962 00 /  742:  126.4  4.600  64.70  13.80  22.30  15.40  29.20  15.30  18.94  0.0000
16-NOV-1962 00 /  743:  106.2  4.500  61.60  14.40  22.30  15.10  29.50  15.80  18.97  0.0000
16-DEC-1962 00 /  744:   89.0  4.300  63.50  13.70  22.20  15.40  29.10  15.90  17.25  0.0000
16-JAN-1963 00 /  745:  110.5  4.600  62.90  13.90  22.30  15.40  29.30  14.90  16.57  0.0000
15-FEB-1963 00 /  746:  126.1  4.800  60.60  14.50  22.70  15.50  30.00  15.50  18.76  0.0000
16-MAR-1963 00 /  747:  136.9  4.500  67.30  13.60  22.90  16.10  29.70  16.50  17.61  0.0000
16-APR-1963 00 /  748:  239.7  3.700  73.30  11.60  21.80  16.00  27.60  17.00  24.56  0.0000
16-MAY-1963 00 /  749:  279.6  3.400  71.00  10.70  21.70  16.40  27.10  17.70  24.55  0.0000
16-JUN-1963 00 /  750:   70.6  3.600  61.40  12.00  21.20  15.20  27.20  16.10  12.04  0.0000
16-JUL-1963 00 /  751:   46.2  3.800  59.70  13.20  21.00  14.40  27.60  15.80  10.15  0.0000
16-AUG-1963 00 /  752:   85.4  4.000  61.90  13.60  21.00  14.20  27.80  15.30  12.96  0.0000
16-SEP-1963 00 /  753:   35.0  4.700  54.20  14.60  21.60  14.30  28.90  14.80   9.24  0.0000
16-OCT-1963 00 /  754:   60.7  5.000  59.40  15.30  23.20  15.60  30.90  15.30  13.59  0.0000
16-NOV-1963 00 /  755:  204.3  3.900  76.90  12.10  22.10  16.10  28.20  16.70  25.38  0.0000
16-DEC-1963 00 /  756:  146.2  4.000  74.50  12.70  21.90  15.60  28.30  15.70  21.39  0.0000
16-JAN-1964 00 /  757:   61.6  4.800  60.00  14.50  22.50  15.30  29.80  14.90  12.41  0.0000
15-FEB-1964 00 /  758:  199.5  4.800  61.70  14.20  23.20  16.10  30.30  16.20  22.83  0.0000
16-MAR-1964 00 /  759:  173.5  4.600  65.60  13.60  23.40  16.60  30.20  17.20  19.52  0.0000
16-APR-1964 00 /  760:  349.0  3.800  74.40  11.10  22.40  16.90  28.00  17.70  28.63  0.0000
16-MAY-1964 00 /  761:  122.8  3.600  68.10  11.70  21.90  16.10  27.80  17.60  16.99  0.0000
16-JUN-1964 00 /  762:  111.6  3.700  60.50  12.20  21.30  15.20  27.40  16.10  14.87  0.0000
16-JUL-1964 00 /  763:  136.4  3.600  64.40  12.70  20.30  14.00  26.70  15.20  16.46  0.0000
16-AUG-1964 00 /  764:   93.7  3.900  65.50  12.60  20.80  14.50  27.10  15.20  13.76  0.0000
16-SEP-1964 00 /  765:  150.2  4.500  60.10  14.00  21.00  14.00  28.00  14.30  17.86  0.0000
16-OCT-1964 00 /  766:   80.4  4.600  65.00  14.20  21.90  14.80  29.00  14.40  15.02  0.0000
16-NOV-1964 00 /  767:   77.4  4.500  61.10  14.70  22.40  15.10  29.80  15.70  16.10  0.0000
16-DEC-1964 00 /  768:  118.2  4.300  64.60  14.40  21.80  14.60  29.00  15.10  19.66  0.0000
16-JAN-1965 00 /  769:   86.0  4.900  56.50  15.20  22.20  14.60  29.80  14.40  15.06  0.0000
15-FEB-1965 00 /  770:   28.8  5.000  54.50  15.00  22.30  14.80  29.80  14.80   9.51  0.0000
16-MAR-1965 00 /  771:  181.1  4.800  60.20  14.10  22.90  15.90  30.00  16.10  20.08  0.0000
16-APR-1965 00 /  772:  224.6  3.900  68.90  12.00  22.20  16.20  28.20  17.30  23.86  0.0000
16-MAY-1965 00 /  773:  155.8  3.700  62.50  12.20  22.20  16.10  28.30  17.70  18.55  0.0000
16-JUN-1965 00 /  774:   36.3  3.900  52.80  13.50  21.10  14.40  27.90  15.70   8.78  0.0000
16-JUL-1965 00 /  775:   56.4  3.800  61.60  12.90  21.00  14.60  27.50  15.50  11.10  0.0000
16-AUG-1965 00 /  776:   55.2  4.000  64.20  13.30  21.30  14.70  28.00  15.80   9.78  0.0000
16-SEP-1965 00 /  777:  104.6  4.600  59.10  13.90  22.10  15.20  29.10  15.40  14.59  0.0000
16-OCT-1965 00 /  778:  141.2  4.600  66.70  13.80  22.30  15.40  29.20  15.00  20.06  0.0000
16-NOV-1965 00 /  779:  137.0  4.100  71.80  13.20  22.10  15.50  28.70  15.90  21.29  0.0000
16-DEC-1965 00 /  780:   78.0  4.400  60.90  14.20  22.60  15.50  29.70  16.20  15.25  0.0000
16-JAN-1966 00 /  781:   34.7  4.900  58.80  14.80  23.20  15.80  30.60  15.30   9.92  0.0000
15-FEB-1966 00 /  782:  210.0  4.600  68.10  12.90  23.30  16.90  29.80  16.60  23.51  0.0000
16-MAR-1966 00 /  783:  262.4  4.200  75.80  12.40  23.00  16.80  29.20  17.00  23.57  0.0000
16-APR-1966 00 /  784:  239.5  3.700  76.70  11.40  21.80  16.10  27.50  16.80  24.65  0.0000
16-MAY-1966 00 /  785:   89.0  3.800  61.30  12.30  22.30  16.20  28.50  17.80  14.62  0.0000
16-JUN-1966 00 /  786:   74.5  3.700  61.80  11.90  21.80  15.90  27.80  16.70  12.46  0.0000
16-JUL-1966 00 /  787:   71.2  3.700  65.60  12.50  21.40  15.20  27.70  16.50  12.38  0.0000
16-AUG-1966 00 /  788:  129.6  4.000  65.30  13.00  21.60  15.10  28.10  16.00  15.89  0.0000
16-SEP-1966 00 /  789:   74.0  4.500  61.60  13.50  22.00  15.30  28.80  15.50  13.00  0.0000
16-OCT-1966 00 /  790:   76.1  4.700  62.40  14.20  22.60  15.50  29.70  15.10  15.20  0.0000
16-NOV-1966 00 /  791:   67.0  4.300  67.60  13.50  22.10  15.40  28.90  15.60  14.61  0.0000
16-DEC-1966 00 /  792:   12.6  4.700  52.40  14.80  22.50  15.10  29.90  15.40   6.31  0.0000
16-JAN-1967 00 /  793:   23.6  5.200  49.70  15.90  22.60  14.70  30.60  14.40   7.75  0.0000
15-FEB-1967 00 /  794:   36.8  5.100  53.10  15.30  23.20  15.60  30.90  15.60  10.01  0.0000
16-MAR-1967 00 /  795:  140.0  4.900  60.00  14.50  23.50  16.30  30.80  16.60  17.75  0.0000
16-APR-1967 00 /  796:  218.2  3.800  71.40  11.70  22.30  16.50  28.20  17.60  23.42  0.0000
16-MAY-1967 00 /  797:  200.5  3.400  70.20  10.70  21.80  16.50  27.20  18.00  21.08  0.0000
16-JUN-1967 00 /  798:   67.7  3.500  67.10  11.50  21.00  15.30  26.80  16.20  11.87  0.0000
16-JUL-1967 00 /  799:   34.0  3.600  65.50  11.90  20.90  15.00  26.90  15.90   8.62  0.0000
16-AUG-1967 00 /  800:   41.0  3.900  65.50  13.00  20.90  14.40  27.40  15.50   9.22  0.0000
16-SEP-1967 00 /  801:  136.5  4.400  63.40  13.20  21.30  14.70  27.90  14.90  17.12  0.0000
16-OCT-1967 00 /  802:   87.6  4.500  69.30  13.60  22.40  15.60  29.20  15.10  15.53  0.0000
16-NOV-1967 00 /  803:  240.8  3.900  76.30  12.40  21.50  15.30  27.70  15.60  27.30  0.0000
16-DEC-1967 00 /  804:   75.3  4.200  65.80  13.50  22.20  15.50  29.00  16.00  15.30  0.0000
16-JAN-1968 00 /  805:   16.1  4.900  53.90  15.30  21.60  14.00  29.30  13.70   6.36  0.0000
15-FEB-1968 00 /  806:  174.1  4.600  63.40  13.60  22.20  15.40  29.00  15.10  21.59  0.0000
16-MAR-1968 00 /  807:  183.6  4.200  73.50  12.60  21.70  15.40  28.00  15.40  20.04  0.0000
16-APR-1968 00 /  808:  277.8  3.700  73.00  11.10  21.20  15.70  26.80  16.00  26.20  0.0000
16-MAY-1968 00 /  809:  131.0  3.500  66.00  11.60  21.20  15.40  27.00  16.60  17.21  0.0000
16-JUN-1968 00 /  810:  156.3  3.600  62.50  11.90  20.50  14.60  26.50  15.40  17.16  0.0000
16-JUL-1968 00 /  811:   52.7  3.700  62.50  12.70  20.40  14.10  26.80  15.00  10.84  0.0000
16-AUG-1968 00 /  812:   71.3  4.000  63.80  13.30  20.80  14.20  27.50  15.10  12.18  0.0000
16-SEP-1968 00 /  813:   82.5  4.700  55.30  14.90  21.50  14.10  29.00  14.60  13.34  0.0000
16-OCT-1968 00 /  814:  140.9  4.700  65.20  14.30  22.40  15.30  29.60  14.50  19.80  0.0000
16-NOV-1968 00 /  815:  132.0  4.200  69.70  13.00  21.90  15.40  28.40  15.60  20.80  0.0000
16-DEC-1968 00 /  816:  144.2  4.200  65.80  13.80  22.10  15.20  29.00  15.50  21.44  0.0000
16-JAN-1969 00 /  817:  141.2  4.700  63.10  14.40  22.60  15.40  29.80  15.00  18.61  0.0000
15-FEB-1969 00 /  818:  160.9  4.500  69.20  13.10  22.30  15.80  28.90  15.50  20.93  0.0000
16-MAR-1969 00 /  819:  135.1  4.400  69.60  13.30  22.70  16.10  29.40  16.40  16.65  0.0000
16-APR-1969 00 /  820:   82.9  4.300  58.90  13.40  23.30  16.60  30.00  18.30  15.31  0.0000
16-MAY-1969 00 /  821:  205.5  3.700  64.20  11.90  22.20  16.30  28.20  17.90  20.94  0.0000
16-JUN-1969 00 /  822:   67.3  3.800  58.10  12.70  21.60  15.30  28.00  16.60  11.93  0.0000
16-JUL-1969 00 /  823:   46.9  3.800  60.10  13.40  21.30  14.60  28.00  16.30  10.31  0.0000
16-AUG-1969 00 /  824:   73.4  4.200  58.30  14.40  21.50  14.30  28.70  15.80  12.29  0.0000
16-SEP-1969 00 /  825:   95.1  4.700  55.70  14.80  22.00  14.60  29.40  15.30  14.40  0.0000
16-OCT-1969 00 /  826:  107.4  4.800  63.40  14.80  23.20  15.80  30.60  15.50  17.60  0.0000
16-NOV-1969 00 /  827:  125.5  4.300  67.50  13.60  22.50  15.70  29.30  16.30  20.73  0.0000
16-DEC-1969 00 /  828:   52.8  4.600  56.80  14.90  22.60  15.20  30.10  15.70  13.40  0.0000
16-JAN-1970 00 /  829:  186.6  4.500  69.00  13.00  22.80  16.30  29.30  15.70  21.06  0.0000
15-FEB-1970 00 /  830:   80.8  4.800  61.00  14.00  23.60  16.60  30.60  16.80  15.20  0.0000
16-MAR-1970 00 /  831:  212.2  4.300  75.90  12.70  23.30  17.00  29.70  17.50  21.46  0.0000
16-APR-1970 00 /  832:  232.2  3.800  72.80  11.50  22.20  16.50  28.00  17.40  24.25  0.0000
16-MAY-1970 00 /  833:  117.0  3.500  69.30  11.60  22.00  16.20  27.80  17.70  16.25  0.0000
16-JUN-1970 00 /  834:   86.0  3.800  59.00  12.50  21.50  15.30  27.80  16.30  13.24  0.0000
16-JUL-1970 00 /  835:   35.6  3.700  63.00  12.40  21.30  15.10  27.50  16.30   8.90  0.0000
16-AUG-1970 00 /  836:  131.8  3.800  68.60  12.30  21.40  15.30  27.60  16.20  15.82  0.0000
16-SEP-1970 00 /  837:  108.7  4.600  60.70  14.20  21.90  14.80  29.00  15.30  15.02  0.0000
16-OCT-1970 00 /  838:   80.3  4.700  65.20  14.80  22.80  15.40  30.20  15.40  15.43  0.0000
16-NOV-1970 00 /  839:   76.1  4.500  63.50  13.90  22.80  15.90  29.80  16.10  16.50  0.0000
16-DEC-1970 00 /  840:  110.7  4.300  62.10  13.40  22.20  15.50  28.90  15.90  19.10  0.0000
16-JAN-1971 00 /  841:   43.0  4.900  57.00  14.80  22.40  15.00  29.80  14.60   9.41  0.0000
15-FEB-1971 00 /  842:   13.1  5.100  50.70  15.20  22.30  14.70  29.90  14.70   6.15  0.0000
16-MAR-1971 00 /  843:   56.7  5.100  50.50  15.60  22.90  15.10  30.70  15.70  11.67  0.0000
16-APR-1971 00 /  844:  297.3  3.900  70.00  11.70  22.30  16.50  28.20  17.40  27.16  0.0000
16-MAY-1971 00 /  845:  252.4  3.500  66.50  11.70  21.50  15.70  27.40  17.20  23.27  0.0000
16-JUN-1971 00 /  846:  104.1  3.800  54.20  13.10  20.60  14.10  27.20  15.40  13.83  0.0000
16-JUL-1971 00 /  847:  130.6  3.700  60.70  12.40  20.60  14.40  26.80  15.50  16.17  0.0000
16-AUG-1971 00 /  848:  101.2  3.900  66.10  12.90  21.10  14.70  27.60  15.50  14.20  0.0000
16-SEP-1971 00 /  849:   63.1  4.600  57.50  14.60  21.40  14.10  28.70  14.80  12.06  0.0000
16-OCT-1971 00 /  850:   87.9  4.700  65.20  14.50  22.20  15.00  29.50  14.60  15.33  0.0000
16-NOV-1971 00 /  851:   91.2  4.500  61.90  14.30  22.50  15.40  29.70  16.00  17.49  0.0000
16-DEC-1971 00 /  852:   87.1  4.300  60.70  13.80  21.90  15.00  28.80  15.30  16.82  0.0000
16-JAN-1972 00 /  853:   27.8  4.900  57.00  15.10  22.60  15.10  30.20  14.90   8.68  0.0000
15-FEB-1972 00 /  854:  125.9  4.500  64.50  13.70  22.00  15.20  28.90  15.40  18.30  0.0000
16-MAR-1972 00 /  855:  115.0  4.800  60.70  14.60  22.90  15.60  30.20  16.20  16.04  0.0000
16-APR-1972 00 /  856:  190.8  4.100  65.00  13.00  23.00  16.50  29.50  18.10  22.22  0.0000
16-MAY-1972 00 /  857:  225.7  3.600  67.40  11.30  22.50  16.90  28.20  18.50  22.32  0.0000
16-JUN-1972 00 /  858:   94.0  3.400  72.20  11.00  21.60  16.10  27.10  16.90  13.69  0.0000
16-JUL-1972 00 /  859:   77.3  3.600  69.80  11.60  21.50  15.70  27.30  16.60  12.91  0.0000
16-AUG-1972 00 /  860:  123.9  4.000  65.70  13.10  22.00  15.50  28.60  16.40  15.12  0.0000
16-SEP-1972 00 /  861:  118.4  4.700  58.00  14.40  22.30  15.10  29.50  15.70  16.06  0.0000
16-OCT-1972 00 /  862:  140.7  4.600  69.40  13.70  23.00  16.20  29.90  15.90  20.01  0.0000
16-NOV-1972 00 /  863:  215.6  3.900  76.30  12.40  22.20  16.00  28.40  16.50  26.10  0.0000
16-DEC-1972 00 /  864:   64.8  4.300  65.10  13.40  22.80  16.10  29.50  16.60  14.83  0.0000
16-JAN-1973 00 /  865:  157.7  4.700  62.90  13.90  23.20  16.30  30.20  15.80  19.84  0.0000
15-FEB-1973 00 /  866:  129.3  5.100  54.70  15.00  23.70  16.20  31.20  16.30  18.92  0.0000
16-MAR-1973 00 /  867:   30.9  5.100  55.40  15.10  24.10  16.60  31.70  17.20   7.98  0.0000
16-APR-1973 00 /  868:  162.5  4.100  65.70  12.50  23.40  17.20  29.70  18.80  20.55  0.0000
16-MAY-1973 00 /  869:  226.9  3.500  69.80  11.50  22.40  16.70  28.20  18.60  22.32  0.0000
16-JUN-1973 00 /  870:   75.6  3.600  65.80  12.00  21.70  15.70  27.70  16.80  12.20  0.0000
16-JUL-1973 00 /  871:   34.9  3.800  58.80  13.80  21.00  14.10  27.90  15.70   8.73  0.0000
16-AUG-1973 00 /  872:  123.5  4.000  65.60  13.20  21.70  15.10  28.30  16.40  15.72  0.0000
16-SEP-1973 00 /  873:  111.4  4.500  60.90  13.90  21.90  15.00  28.90  15.30  15.64  0.0000
16-OCT-1973 00 /  874:   45.5  4.900  62.70  15.00  23.20  15.70  30.70  15.50  11.34  0.0000
16-NOV-1973 00 /  875:  117.6  4.300  67.60  13.50  22.50  15.80  29.30  15.90  19.77  0.0000
16-DEC-1973 00 /  876:   27.3  4.500  55.40  14.60  22.20  14.90  29.50  15.30   9.89  0.0000
16-JAN-1974 00 /  877:   37.5  5.100  52.20  15.80  22.80  14.90  30.70  14.70   9.56  0.0000
15-FEB-1974 00 /  878:   34.4  5.100  56.20  15.30  23.30  15.70  31.00  15.50  10.03  0.0000
16-MAR-1974 00 /  879:  190.2  4.600  68.00  13.90  22.80  15.90  29.80  16.10  20.39  0.0000
16-APR-1974 00 /  880:  296.9  3.800  73.60  11.30  22.20  16.60  27.90  17.60  27.19  0.0000
16-MAY-1974 00 /  881:   98.6  3.500  69.00  11.70  21.60  15.80  27.50  17.60  15.35  0.0000
16-JUN-1974 00 /  882:  117.9  3.500  68.10  11.50  21.50  15.80  27.30  16.70  15.35  0.0000
16-JUL-1974 00 /  883:  125.8  3.500  68.50  10.90  20.90  15.50  26.40  16.10  16.01  0.0000
16-AUG-1974 00 /  884:   92.7  4.100  61.40  14.20  21.40  14.30  28.50  15.60  13.86  0.0000
16-SEP-1974 00 /  885:  116.9  4.500  59.90  14.70  21.40  14.10  28.80  14.90  15.93  0.0000
16-OCT-1974 00 /  886:   68.7  5.000  58.70  15.60  22.90  15.10  30.70  15.00  13.98  0.0000
16-NOV-1974 00 /  887:   91.1  4.500  61.80  14.20  22.40  15.30  29.50  15.70  17.40  0.0000
16-DEC-1974 00 /  888:   75.4  4.600  56.00  14.50  22.60  15.40  29.90  15.70  15.97  0.0000
16-JAN-1975 00 /  889:   17.2  5.000  54.30  15.10  22.80  15.30  30.40  15.10   7.24  0.0000
15-FEB-1975 00 /  890:   62.1  5.200  54.20  15.60  23.40  15.60  31.20  15.80  13.54  0.0000
16-MAR-1975 00 /  891:  245.2  4.700  64.60  13.90  23.30  16.40  30.30  16.90  22.85  0.0000
16-APR-1975 00 /  892:  174.9  4.000  67.00  12.30  22.70  16.60  28.90  17.90  21.40  0.0000
16-MAY-1975 00 /  893:  194.4  3.600  67.50  11.70  21.90  16.10  27.80  17.70  20.90  0.0000
16-JUN-1975 00 /  894:   74.6  3.400  72.00  11.40  21.10  15.40  26.80  16.40  12.24  0.0000
16-JUL-1975 00 /  895:  126.2  3.600  65.70  11.70  21.00  15.20  26.90  16.00  13.89  0.0000
16-AUG-1975 00 /  896:  175.2  3.700  69.30  12.20  20.80  14.70  26.90  15.60  18.25  0.0000
16-SEP-1975 00 /  897:  104.0  4.300  65.20  13.10  21.40  14.90  28.00  15.10  15.15  0.0000
16-OCT-1975 00 /  898:   90.6  4.500  68.00  13.80  22.20  15.30  29.10  14.90  16.46  0.0000
16-NOV-1975 00 /  899:   45.8  4.500  62.10  14.50  22.50  15.30  29.80  15.70  12.85  0.0000
16-DEC-1975 00 /  900:   64.6  4.500  55.70  14.70  22.30  15.00  29.70  15.70  14.71  0.0000
16-JAN-1976 00 /  901:   74.2  5.000  53.70  15.60  22.70  14.90  30.50  14.70  13.97  0.0000
15-FEB-1976 00 /  902:   86.4  4.800  60.80  14.30  22.80  15.70  30.00  15.60  15.58  0.0000
16-MAR-1976 00 /  903:   79.6  4.700  61.30  14.40  23.10  15.90  30.30  16.50  13.27  0.0000
16-APR-1976 00 /  904:  261.0  4.000  67.50  12.20  22.50  16.40  28.60  17.60  25.42  0.0000
16-MAY-1976 00 /  905:  171.1  3.500  71.00  11.10  22.20  16.70  27.80  18.30  18.88  0.0000
16-JUN-1976 00 /  906:   63.4  3.600  63.00  12.00  21.80  15.80  27.80  16.90  11.54  0.0000
16-JUL-1976 00 /  907:   92.5  3.600  64.80  12.00  21.10  15.10  27.10  16.30  13.88  0.0000
16-AUG-1976 00 /  908:  136.7  4.000  62.80  13.10  21.50  15.00  28.10  16.10  16.50  0.0000
16-SEP-1976 00 /  909:  146.1  4.600  59.00  14.10  22.10  15.10  29.20  15.50  17.58  0.0000
16-OCT-1976 00 /  910:   53.9  4.800  61.90  14.90  23.20  15.80  30.70  15.90  12.88  0.0000
16-NOV-1976 00 /  911:  105.6  4.300  67.50  13.90  22.70  15.80  29.70  16.40  18.72  0.0000
16-DEC-1976 00 /  912:   89.9  4.600  58.40  14.70  23.10  15.80  30.50  16.00  17.33  0.0000
16-JAN-1977 00 /  913:  102.4  4.500  69.60  13.60  23.10  16.30  29.90  16.00  16.25  0.0000
15-FEB-1977 00 /  914:  106.3  4.800  62.30  13.80  23.10  16.20  30.00  16.00  17.20  0.0000
16-MAR-1977 00 /  915:  133.2  4.600  66.80  13.70  23.40  16.60  30.30  17.10  17.32  0.0000
16-APR-1977 00 /  916:  236.1  3.600  78.70  10.80  22.40  17.00  27.80  17.90  24.41  0.0000
16-MAY-1977 00 /  917:  238.6  3.600  68.10  11.50  22.20  16.50  28.00  18.00  22.73  0.0000
16-JUN-1977 00 /  918:  117.9  3.700  63.00  12.30  21.70  15.60  27.90  16.80  15.04  0.0000
16-JUL-1977 00 /  919:   99.3  3.700  64.90  12.40  21.40  15.20  27.60  16.50  14.42  0.0000
16-AUG-1977 00 /  920:  119.4  3.900  66.60  13.00  21.70  15.20  28.20  16.30  15.49  0.0000
16-SEP-1977 00 /  921:   52.7  4.600  60.10  14.30  22.40  15.30  29.60  15.80  10.58  0.0000
16-OCT-1977 00 /  922:  113.8  4.700  68.70  14.90  23.30  15.90  30.80  15.80  18.15  0.0000
16-NOV-1977 00 /  923:  205.1  3.800  79.90  12.20  21.60  15.50  27.70  15.70  25.44  0.0000
16-DEC-1977 00 /  924:   68.7  4.100  73.70  13.90  22.30  15.40  29.30  15.90  15.09  0.0000
16-JAN-1978 00 /  925:  135.0  4.800  63.30  14.70  22.70  15.40  30.10  14.90  18.38  0.0000
15-FEB-1978 00 /  926:  157.2  4.900  62.30  15.10  23.10  15.60  30.70  15.90  20.70  0.0000
16-MAR-1978 00 /  927:  278.0  4.100  78.70  12.90  22.20  15.80  28.70  16.00  24.12  0.0000
16-APR-1978 00 /  928:  221.3  4.000  69.60  12.00  22.60  16.60  28.60  17.40  23.35  0.0000
16-MAY-1978 00 /  929:  174.5  3.700  63.10  12.10  21.80  15.80  27.90  17.50  19.80  0.0000
16-JUN-1978 00 /  930:   66.4  3.600  63.10  12.40  21.50  15.30  27.70  16.60  11.34  0.0000
16-JUL-1978 00 /  931:   80.2  3.700  64.60  13.00  21.10  14.60  27.60  15.90  13.00  0.0000
16-AUG-1978 00 /  932:  140.4  4.000  65.40  13.30  21.90  15.30  28.60  16.30  16.69  0.0000
16-SEP-1978 00 /  933:  108.8  4.600  61.80  14.50  22.20  15.00  29.50  15.40  15.51  0.0000
16-OCT-1978 00 /  934:  115.7  4.600  67.80  14.00  23.00  16.00  30.00  15.60  18.02  0.0000
16-NOV-1978 00 /  935:  106.2  4.200  68.60  13.40  22.30  15.60  29.00  16.20  18.86  0.0000
16-DEC-1978 00 /  936:   89.8  4.000  71.70  12.60  22.20  15.90  28.50  16.10  17.12  0.0000
16-JAN-1979 00 /  937:   79.4  4.600  65.80  14.00  22.70  15.70  29.70  15.50  14.48  0.0000
15-FEB-1979 00 /  938:  217.5  4.500  69.00  13.20  22.70  16.10  29.30  16.10  23.87  0.0000
16-MAR-1979 00 /  939:  166.4  4.700  60.80  14.50  22.70  15.50  30.00  16.10  18.62  0.0000
16-APR-1979 00 /  940:  135.0  4.000  67.00  12.00  22.50  16.50  28.50  17.80  19.02  0.0000
16-MAY-1979 00 /  941:  135.5  3.500  68.20  11.00  22.00  16.50  27.50  18.10  17.53  0.0000
16-JUN-1979 00 /  942:   80.4  3.400  70.10  11.50  20.90  15.20  26.70  15.90  12.85  0.0000
16-JUL-1979 00 /  943:   71.4  3.700  63.00  12.40  21.00  14.80  27.20  15.70  12.43  0.0000
16-AUG-1979 00 /  944:  117.9  4.000  63.90  12.90  21.90  15.50  28.40  16.30  15.32  0.0000
16-SEP-1979 00 /  945:   94.0  4.700  58.20  14.40  22.00  14.80  29.20  15.10  14.50  0.0000
16-OCT-1979 00 /  946:   30.7  4.800  62.60  14.50  23.00  15.80  30.30  15.20   9.95  0.0000
16-NOV-1979 00 /  947:  137.3  4.300  67.40  13.50  22.70  16.00  29.50  16.40  20.88  0.0000
16-DEC-1979 00 /  948:  140.7  4.400  60.80  13.40  23.20  16.50  29.90  16.80  21.14  0.0000
16-JAN-1980 00 /  949:   47.8  4.900  56.00  14.50  23.00  15.80  30.30  15.30  11.42  0.0000
15-FEB-1980 00 /  950:   28.4  5.100  55.00  14.70  23.50  16.20  30.90  16.20   8.71  0.0000
16-MAR-1980 00 /  951:  158.4  4.700  60.90  14.20  23.50  16.40  30.60  17.30  18.68  0.0000
16-APR-1980 00 /  952:  204.4  4.000  68.10  12.00  23.20  17.20  29.20  18.50  22.94  0.0000
16-MAY-1980 00 /  953:  181.2  3.300  75.50  10.70  22.40  17.10  27.80  18.70  20.09  0.0000
16-JUN-1980 00 /  954:   95.0  3.600  64.60  11.80  21.50  15.60  27.40  16.80  13.76  0.0000
16-JUL-1980 00 /  955:   79.2  3.600  64.90  12.30  21.30  15.20  27.50  16.50  12.97  0.0000
16-AUG-1980 00 /  956:   94.7  3.900  66.40  12.70  21.50  15.20  27.90  16.20  13.46  0.0000
16-SEP-1980 00 /  957:   82.5  4.600  59.80  13.60  22.20  15.40  29.00  15.60  13.70  0.0000
16-OCT-1980 00 /  958:   66.4  4.900  61.30  14.80  23.30  15.90  30.70  15.50  13.72  0.0000
16-NOV-1980 00 /  959:   95.7  4.200  70.70  13.40  22.60  15.90  29.30  16.60  18.00  0.0000
16-DEC-1980 00 /  960:   65.0  4.400  58.90  13.90  22.10  15.20  29.10  15.70  14.87  0.0000
16-JAN-1981 00 /  961:   38.9  5.100  53.10  15.00  23.20  15.70  30.70  15.20  10.34  0.0000
15-FEB-1981 00 /  962:   34.4  5.100  54.40  15.00  23.40  15.90  30.90  16.10  10.42  0.0000
16-MAR-1981 00 /  963:  284.1  4.400  72.40  13.30  23.00  16.40  29.70  16.90  24.35  0.0000
16-APR-1981 00 /  964:  159.8  3.800  73.20  11.70  22.40  16.60  28.30  17.70  20.00  0.0000
16-MAY-1981 00 /  965:  171.7  3.500  70.30  11.10  22.00  16.50  27.60  18.00  19.64  0.0000
16-JUN-1981 00 /  966:   75.6  3.800  58.70  12.70  21.70  15.40  28.10  16.50  12.30  0.0000
16-JUL-1981 00 /  967:  100.7  3.600  68.50  11.90  21.10  15.20  27.10  16.10  14.57  0.0000
16-AUG-1981 00 /  968:  121.0  4.000  66.10  12.70  22.10  15.80  28.50  16.50  15.30  0.0000
16-SEP-1981 00 /  969:  102.2  4.500  62.20  14.00  22.30  15.30  29.30  15.80  14.63  0.0000
16-OCT-1981 00 /  970:   43.4  4.900  62.40  14.60  23.30  16.00  30.60  15.60  11.21  0.0000
16-NOV-1981 00 /  971:   55.9  4.500  65.00  14.30  23.00  15.90  30.20  16.40  13.85  0.0000
16-DEC-1981 00 /  972:   56.5  4.500  58.80  14.40  22.80  15.60  30.00  16.10  14.01  0.0000
16-JAN-1982 00 /  973:   59.1  5.000  56.80  15.10  23.40  15.90  31.00  15.70  12.62  0.0000
15-FEB-1982 00 /  974:   78.4  5.100  56.30  15.30  23.30  15.70  31.00  15.80  14.94  0.0000
16-MAR-1982 00 /  975:   88.9  5.000  56.80  15.20  23.50  15.90  31.10  16.70  14.36  0.0000
16-APR-1982 00 /  976:  146.4  3.800  72.80  12.00  22.40  16.40  28.40  17.60  19.57  0.0000
16-MAY-1982 00 /  977:  132.6  3.400  72.90  11.00  22.20  16.70  27.70  18.30  17.44  0.0000
16-JUN-1982 00 /  978:  151.4  3.600  65.00  11.70  21.80  16.00  27.70  17.10  16.97  0.0000
16-JUL-1982 00 /  979:   85.7  3.700  62.70  12.40  21.50  15.30  27.70  16.60  13.48  0.0000
16-AUG-1982 00 /  980:  142.1  3.900  66.10  12.90  21.70  15.30  28.20  16.40  16.65  0.0000
16-SEP-1982 00 /  981:  139.3  4.700  58.40  14.10  22.50  15.50  29.60  16.00  16.70  0.0000
16-OCT-1982 00 /  982:  158.4  4.400  70.50  13.40  22.50  15.80  29.20  15.70  21.02  0.0000
16-NOV-1982 00 /  983:  293.8  4.000  75.20  12.40  22.30  16.10  28.50  16.70  29.59  0.0000
16-DEC-1982 00 /  984:   72.6  4.200  65.40  14.00  22.40  15.40  29.40  16.20  15.74  0.0000
16-JAN-1983 00 /  985:   34.4  4.800  58.30  15.00  22.80  15.30  30.30  15.40   9.16  0.0000
15-FEB-1983 00 /  986:   57.3  5.100  58.20  15.50  23.60  15.90  31.40  16.10  12.47  0.0000
16-MAR-1983 00 /  987:   76.3  4.900  60.10  14.20  24.10  17.00  31.20  17.40  13.24  0.0000
16-APR-1983 00 /  988:  224.5  4.000  69.00  12.20  23.70  17.60  29.80  19.20  23.62  0.0000
16-MAY-1983 00 /  989:  128.1  3.600  66.60  11.50  23.00  17.30  28.80  19.20  17.13  0.0000
16-JUN-1983 00 /  990:   91.0  3.700  64.70  11.40  22.60  16.90  28.30  17.90  13.51  0.0000
16-JUL-1983 00 /  991:   54.8  3.700  65.60  11.70  22.00  16.20  27.90  17.20  10.68  0.0000
16-AUG-1983 00 /  992:  124.6  3.900  68.40  12.10  22.20  16.20  28.30  17.00  15.74  0.0000
16-SEP-1983 00 /  993:   68.2  4.500  62.60  14.00  22.10  15.10  29.10  15.70  12.21  0.0000
16-OCT-1983 00 /  994:  147.4  4.600  70.50  13.60  23.40  16.60  30.20  16.30  20.46  0.0000
16-NOV-1983 00 /  995:  117.8  4.400  65.10  14.30  22.90  15.80  30.10  16.80  19.56  0.0000
16-DEC-1983 00 /  996:   60.3  4.200  63.80  14.00  22.20  15.20  29.20  16.10  14.28  0.0000
16-JAN-1984 00 /  997:   64.6  4.700  55.90  14.40  22.20  15.00  29.40  15.20  13.24  0.0000
15-FEB-1984 00 /  998:   36.0  5.200  47.70  15.50  22.70  15.00  30.50  15.30  10.45  0.0000
16-MAR-1984 00 /  999:   35.3  5.000  55.50  15.20  23.60  16.00  31.20  16.80   9.57  0.0000
16-APR-1984 00 / 1000:  141.4  4.200  59.90  12.40  22.80  16.60  29.00  18.20  19.36  0.0000
16-MAY-1984 00 / 1001:  138.9  3.800  58.80  12.30  22.90  16.80  29.10  19.00  17.80  0.0000
16-JUN-1984 00 / 1002:   93.7  3.800  54.80  12.40  21.60  15.40  27.80  16.80  13.54  0.0000
16-JUL-1984 00 / 1003:  137.3  3.600  64.10  11.60  21.80  16.00  27.60  17.30  16.20  0.0000
16-AUG-1984 00 / 1004:  113.4  3.900  65.20  12.70  21.70  15.40  28.10  16.50  15.08  0.0000
16-SEP-1984 00 / 1005:   83.9  4.800  55.50  15.40  22.20  14.50  29.90  15.40  13.41  0.0000
16-OCT-1984 00 / 1006:   88.9  4.800  63.20  14.80  22.90  15.50  30.30  15.20  16.18  0.0000
16-NOV-1984 00 / 1007:  147.2  4.100  70.70  13.10  22.20  15.70  28.80  16.30  21.58  0.0000
16-DEC-1984 00 / 1008:   78.6  4.400  62.30  14.10  22.60  15.60  29.70  16.30  15.78  0.0000
16-JAN-1985 00 / 1009:   56.5  4.900  58.20  15.40  23.20  15.50  30.90  15.50  12.08  0.0000
15-FEB-1985 00 / 1010:   80.7  4.600  61.90  12.80  22.80  16.40  29.20  16.30  15.29  0.0000
16-MAR-1985 00 / 1011:  183.1  4.600  63.50  14.30  22.70  15.60  29.90  16.30  19.61  0.0000
16-APR-1985 00 / 1012:  172.3  3.600  78.00  11.40  21.90  16.20  27.60  17.20  21.02  0.0000
16-MAY-1985 00 / 1013:  242.0  3.500  70.40  11.50  21.70  16.00  27.50  17.60  22.85  0.0000
16-JUN-1985 00 / 1014:   92.7  3.600  64.80  12.10  21.30  15.30  27.40  16.40  13.51  0.0000
16-JUL-1985 00 / 1015:   72.2  3.700  63.30  12.30  21.10  15.00  27.30  16.00  12.30  0.0000
16-AUG-1985 00 / 1016:   80.7  4.000  64.30  13.30  21.70  15.10  28.40  16.30  12.42  0.0000
16-SEP-1985 00 / 1017:   80.8  4.500  61.30  13.80  22.20  15.30  29.10  15.90  13.57  0.0000
16-OCT-1985 00 / 1018:   42.7  4.700  64.90  13.60  23.00  16.20  29.80  15.60  10.84  0.0000
16-NOV-1985 00 / 1019:   84.2  4.300  67.60  13.00  22.90  16.40  29.40  17.00  16.76  0.0000
16-DEC-1985 00 / 1020:   39.6  4.400  61.10  13.70  22.70  15.90  29.60  16.40  11.71  0.0000
16-JAN-1986 00 / 1021:   55.8  4.800  55.60  14.20  22.80  15.70  29.90  15.40  11.93  0.0000
15-FEB-1986 00 / 1022:   58.1  5.100  53.40  15.20  23.40  15.80  31.00  16.00  12.75  0.0000
16-MAR-1986 00 / 1023:  225.7  4.600  64.60  13.60  22.80  16.00  29.60  16.50  21.91  0.0000
16-APR-1986 00 / 1024:  233.9  3.800  71.60  11.50  22.40  16.70  28.20  17.90  24.12  0.0000
16-MAY-1986 00 / 1025:  161.3  3.500  67.70  11.20  22.20  16.60  27.80  18.40  19.05  0.0000
16-JUN-1986 00 / 1026:   86.1  3.500  69.20  12.00  21.20  15.20  27.20  16.40  13.33  0.0000
16-JUL-1986 00 / 1027:  117.2  3.700  63.90  12.80  21.20  14.80  27.60  16.00  15.46  0.0000
16-AUG-1986 00 / 1028:   51.3  4.200  59.60  14.00  22.00  15.00  29.00  16.00   9.97  0.0000
16-SEP-1986 00 / 1029:   97.6  4.600  58.90  14.10  22.20  15.20  29.30  15.60  14.60  0.0000
16-OCT-1986 00 / 1030:   85.3  4.700  65.20  13.70  23.40  16.60  30.30  16.10  15.26  0.0000
16-NOV-1986 00 / 1031:  109.4  4.200  68.60  13.10  22.90  16.40  29.50  17.10  18.97  0.0000
16-DEC-1986 00 / 1032:  104.8  4.200  67.00  12.90  22.60  16.20  29.10  16.50  18.31  0.0000
16-JAN-1987 00 / 1033:   71.9  4.800  59.80  14.10  22.90  15.90  30.00  15.30  13.76  0.0000
15-FEB-1987 00 / 1034:   97.7  5.000  57.50  14.80  23.30  15.90  30.70  16.00  16.30  0.0000
16-MAR-1987 00 / 1035:  159.9  4.700  65.30  13.90  23.70  16.80  30.70  17.30  18.88  0.0000
16-APR-1987 00 / 1036:  158.2  4.200  63.20  12.30  23.30  17.20  29.50  18.40  20.41  0.0000
16-MAY-1987 00 / 1037:  210.8  3.500  69.70  11.30  22.40  16.80  28.10  18.40  21.25  0.0000
16-JUN-1987 00 / 1038:  104.9  3.500  68.90  11.60  21.70  15.90  27.50  16.90  14.00  0.0000
16-JUL-1987 00 / 1039:   80.1  3.900  58.80  13.00  22.10  15.60  28.60  16.70  12.64  0.0000
16-AUG-1987 00 / 1040:   70.3  4.200  61.00  13.90  22.50  15.60  29.50  16.90  12.02  0.0000
16-SEP-1987 00 / 1041:  114.6  4.900  56.00  14.90  23.20  15.80  30.70  16.40  15.72  0.0000
16-OCT-1987 00 / 1042:  125.9  5.000  61.00  15.20  23.90  16.30  31.50  16.50  18.55  0.0000
16-NOV-1987 00 / 1043:  164.8  4.400  66.90  14.40  23.10  15.90  30.30  17.20  22.55  0.0000
16-DEC-1987 00 / 1044:   26.1  4.900  49.60  15.90  23.50  15.60  31.50  16.70   9.72  0.0000
16-JAN-1988 00 / 1045:  143.4  4.800  60.30  14.40  24.00  16.80  31.20  17.10  19.06  0.0000
15-FEB-1988 00 / 1046:   80.6  5.200  55.70  15.70  24.20  16.40  32.10  16.90  13.51  0.0000
16-MAR-1988 00 / 1047:  180.6  4.700  64.70  14.20  24.10  17.00  31.20  18.00  19.98  0.0000
16-APR-1988 00 / 1048:  306.8  3.900  72.10  12.10  22.90  16.90  29.00  18.10  27.35  0.0000
16-MAY-1988 00 / 1049:  146.6  3.700  66.50  12.30  22.50  16.40  28.70  18.30  17.78  0.0000
16-JUN-1988 00 / 1050:  103.6  3.800  58.80  12.70  22.30  16.00  28.70  17.30  14.23  0.0000
16-JUL-1988 00 / 1051:  113.5  3.700  66.70  12.40  21.40  15.20  27.60  16.30  15.06  0.0000
16-AUG-1988 00 / 1052:  113.8  4.000  67.90  12.60  22.30  16.00  28.60  16.80  14.31  0.0000
16-SEP-1988 00 / 1053:  155.9  4.500  66.30  13.90  22.30  15.40  29.30  15.60  18.20  0.0000
16-OCT-1988 00 / 1054:   87.8  4.800  63.30  14.70  23.20  15.90  30.60  15.70  16.01  0.0000
16-NOV-1988 00 / 1055:  122.0  4.300  67.70  13.70  22.40  15.60  29.30  16.10  19.94  0.0000
16-DEC-1988 00 / 1056:   60.0  4.400  59.30  14.70  22.10  14.80  29.50  15.50  14.56  0.0000
16-JAN-1989 00 / 1057:   55.1  4.500  62.80  13.00  22.10  15.60  28.60  15.20  11.21  0.0000
15-FEB-1989 00 / 1058:   99.7  4.800  60.10  14.30  22.20  15.10  29.40  15.00  16.71  0.0000
16-MAR-1989 00 / 1059:  209.2  4.600  64.20  13.80  23.00  16.10  29.90  16.50  20.55  0.0000
16-APR-1989 00 / 1060:  152.7  3.800  71.30  11.80  21.80  15.90  27.70  17.00  20.13  0.0000
16-MAY-1989 00 / 1061:  184.5  3.500  67.90  11.20  21.60  16.00  27.20  17.40  20.33  0.0000
16-JUN-1989 00 / 1062:   61.7  3.600  60.90  12.00  21.30  15.30  27.30  16.30  11.08  0.0000
16-JUL-1989 00 / 1063:   47.7  3.700  65.60  12.30  21.30  15.20  27.50  16.10  10.14  0.0000
16-AUG-1989 00 / 1064:  113.7  4.000  66.30  12.40  22.00  15.80  28.20  16.50  15.01  0.0000
16-SEP-1989 00 / 1065:  103.0  4.500  63.00  13.50  22.50  15.80  29.30  16.00  14.85  0.0000
16-OCT-1989 00 / 1066:  111.5  4.700  66.70  14.30  23.20  16.10  30.40  16.10  17.92  0.0000
16-NOV-1989 00 / 1067:   98.7  4.200  69.20  14.00  22.40  15.40  29.40  16.40  18.17  0.0000
16-DEC-1989 00 / 1068:  135.8  4.100  70.10  12.70  22.40  16.10  28.80  16.20  21.11  0.0000
16-JAN-1990 00 / 1069:   74.8  4.800  57.20  14.50  22.60  15.40  29.90  15.20  14.12  0.0000
15-FEB-1990 00 / 1070:  186.2  4.600  66.10  13.20  23.40  16.80  30.00  16.80  22.40  0.0000
16-MAR-1990 00 / 1071:  227.2  4.200  77.50  12.20  22.90  16.80  29.00  17.00  22.07  0.0000
16-APR-1990 00 / 1072:  216.3  3.800  73.50  11.50  22.60  16.90  28.40  17.90  23.35  0.0000
16-MAY-1990 00 / 1073:  144.9  3.700  65.00  11.80  22.90  17.00  28.80  18.80  17.75  0.0000
16-JUN-1990 00 / 1074:   42.4  3.900  54.80  12.90  22.00  15.60  28.50  17.00   9.56  0.0000
16-JUL-1990 00 / 1075:   50.1  3.800  61.30  13.20  21.60  15.00  28.20  16.30  10.51  0.0000
16-AUG-1990 00 / 1076:  126.9  4.000  65.30  12.60  22.10  15.80  28.40  16.80  15.71  0.0000
16-SEP-1990 00 / 1077:   82.9  4.600  58.40  14.10  22.40  15.40  29.50  16.00  13.55  0.0000
16-OCT-1990 00 / 1078:   65.2  4.700  63.60  14.00  23.20  16.20  30.20  15.90  14.04  0.0000
16-NOV-1990 00 / 1079:   89.3  4.300  65.00  12.50  22.90  16.70  29.20  17.10  17.28  0.0000
16-DEC-1990 00 / 1080:   67.5  4.300  63.30  13.50  22.60  15.90  29.40  16.50  15.12  0.0000
16-JAN-1991 00 / 1081:  124.9  4.900  58.20  15.30  23.00  15.40  30.70  15.40  17.83  0.0000
15-FEB-1991 00 / 1082:   59.6  5.200  52.40  15.90  23.50  15.60  31.50  16.40  13.13  0.0000
16-MAR-1991 00 / 1083:  183.2  4.800  62.50  15.10  23.50  16.00  31.10  17.00  20.00  0.0000
16-APR-1991 00 / 1084:  140.3  4.100  64.40  13.10  22.70  16.20  29.30  17.80  19.25  0.0000
16-MAY-1991 00 / 1085:  245.6  3.500  70.70  11.60  22.60  16.80  28.40  18.90  22.65  0.0000
16-JUN-1991 00 / 1086:   89.9  3.700  65.20  13.00  22.20  15.70  28.70  17.10  12.95  0.0000
16-JUL-1991 00 / 1087:   59.1  3.600  66.90  13.10  21.40  14.90  28.00  16.90  10.85  0.0000
16-AUG-1991 00 / 1088:   75.6  4.000  63.00  14.30  21.50  14.40  28.70  16.40  12.25  0.0000
16-SEP-1991 00 / 1089:  127.9  4.600  56.10  15.40  21.90  14.20  29.60  15.80  16.17  0.0000
16-OCT-1991 00 / 1090:  154.9  4.800  64.70  15.10  23.60  16.10  31.20  16.40  20.13  0.0000
16-NOV-1991 00 / 1091:  103.1  4.300  67.60  15.20  22.50  14.90  30.10  16.80  18.06  0.0000
16-DEC-1991 00 / 1092:   53.3  4.300  59.00  13.80  22.70  15.80  29.60  16.90  13.52  0.0000
16-JAN-1992 00 / 1093:   29.9  5.000  55.40  16.50  22.50  14.30  30.80  14.70   8.90  0.0000
15-FEB-1992 00 / 1094:   67.4  5.000  59.30  14.90  23.70  16.30  31.20  16.60  14.00  0.0000
16-MAR-1992 00 / 1095:   70.4  4.900  59.10  15.40  23.60  15.90  31.30  16.80  12.78  0.0000
16-APR-1992 00 / 1096:  200.6  3.900  69.80  10.70  23.20  17.90  28.60  18.70  22.69  0.0000
16-MAY-1992 00 / 1097:  146.1  3.600  67.50  11.00  22.50  17.00  28.00  18.50  18.30  0.0000
16-JUN-1992 00 / 1098:  132.6  3.500  70.10  10.20  22.20  17.10  27.30  17.50  16.09  0.0000
16-JUL-1992 00 / 1099:   97.5  3.500  67.60  11.00  21.20  15.70  26.70  16.50  14.09  0.0000
16-AUG-1992 00 / 1100:  121.1  3.800  68.90  12.80  21.40  15.00  27.80  16.30  15.39  0.0000
16-SEP-1992 00 / 1101:  125.5  4.400  65.30  12.90  22.10  15.70  28.60  15.90  16.41  0.0000
16-OCT-1992 00 / 1102:   97.7  4.600  72.20  14.80  23.00  15.60  30.40  15.50  16.80  0.0000
16-NOV-1992 00 / 1103:  103.2  4.300  65.10  13.60  22.40  15.60  29.20  16.50  18.55  0.0000
16-DEC-1992 00 / 1104:  122.8  4.400  57.10  13.10  22.40  15.90  29.00  16.30  20.14  0.0000
16-JAN-1993 00 / 1105:  114.1  4.600  55.20  12.70  22.20  15.90  28.60  15.50  17.41  0.0000
15-FEB-1993 00 / 1106:  100.3  4.900  56.30  14.40  22.70  15.50  29.90  15.80  16.48  0.0000
16-MAR-1993 00 / 1107:   78.2  4.800  57.40  14.90  22.80  15.40  30.30  16.40  12.59  0.0000
16-APR-1993 00 / 1108:  112.6  4.300  58.90  13.00  23.10  16.60  29.60  18.10  17.34  0.0000
16-MAY-1993 00 / 1109:  231.1  3.700  65.40  12.10  22.50  16.50  28.60  18.40  21.85  0.0000
16-JUN-1993 00 / 1110:  134.1  3.600  66.80  11.60  22.20  16.40  28.00  17.50  15.61  0.0000
16-JUL-1993 00 / 1111:   52.4  3.700  63.20  12.50  21.50  15.30  27.80  16.60   8.87  0.0000
16-AUG-1993 00 / 1112:  103.9  4.100  62.10  13.00  22.40  15.90  28.90  16.90  14.33  0.0000
16-SEP-1993 00 / 1113:   80.2  4.600  55.60  14.70  22.00  14.70  29.40  15.80  12.79  0.0000
16-OCT-1993 00 / 1114:   78.0  4.800  60.30  14.40  22.50  15.30  29.70  15.00  14.94  0.0000
16-NOV-1993 00 / 1115:   82.6  4.700  62.20  14.40  23.70  16.50  30.90  16.70  15.91  0.0000
16-DEC-1993 00 / 1116:   89.8  4.400  59.80  14.80  22.60  15.20  30.00  16.20  16.81  0.0000
16-JAN-1994 00 / 1117:   41.1  4.900  51.90  15.20  22.60  15.00  30.20  15.50   9.11  0.0000
15-FEB-1994 00 / 1118:   44.3  5.000  53.20  14.40  23.40  16.20  30.60  16.50  11.43  0.0000
16-MAR-1994 00 / 1119:  262.1  4.500  66.60  14.20  22.90  15.80  30.00  17.20  23.66  0.0000
16-APR-1994 00 / 1120:  203.7  4.000  64.90  12.50  22.60  16.40  28.90  18.40  23.01  0.0000
16-MAY-1994 00 / 1121:  192.9  3.500  70.20  11.60  22.50  16.70  28.30  18.50  20.50  0.0000
16-JUN-1994 00 / 1122:   91.3  3.600  65.20  12.30  21.80  15.70  28.00  16.90  13.28  0.0000
16-JUL-1994 00 / 1123:   99.4  3.600  66.30  12.20  21.20  15.10  27.30  16.70  14.26  0.0000
16-AUG-1994 00 / 1124:   98.6  4.000  67.10  12.90  22.30  15.90  28.80  16.80  13.29  0.0000
16-SEP-1994 00 / 1125:   69.6  4.700  56.10  13.70  22.50  15.70  29.40  16.00  12.43  0.0000
16-OCT-1994 00 / 1126:   55.0  4.800  63.00  13.80  23.50  16.60  30.40  16.20  12.66  0.0000
16-NOV-1994 00 / 1127:  254.2  4.000  77.00  13.10  22.30  15.80  28.90  16.20  27.38  0.0000
16-DEC-1994 00 / 1128:   37.7  4.200  64.40  13.40  22.40  15.70  29.10  16.60  11.45  0.0000
16-JAN-1995 00 / 1129:   23.2  5.000  54.50  15.40  23.00  15.30  30.70  15.40   7.00  0.0000
15-FEB-1995 00 / 1130:   81.8  5.000  57.00  14.60  23.40  16.10  30.70  16.40  15.91  0.0000
16-MAR-1995 00 / 1131:  171.4  4.500  70.90  14.30  23.50  16.40  30.70  17.20  18.93  0.0000
16-APR-1995 00 / 1132:  209.3  4.200  64.90  12.60  23.50  17.20  29.80  18.70  23.13  0.0000
16-MAY-1995 00 / 1133:  142.1  3.400  69.20  10.80  22.60  17.20  28.00  19.30  17.77  0.0000
16-JUN-1995 00 / 1134:  105.2  3.600  68.00  11.90  22.30  16.40  28.30  17.80  14.43  0.0000
16-JUL-1995 00 / 1135:   65.7  3.500  69.10  11.90  21.70  15.80  27.70  17.30  12.40  0.0000
16-AUG-1995 00 / 1136:   57.6  4.100  64.60  12.90  22.50  16.10  29.00  17.00  10.65  0.0000
16-SEP-1995 00 / 1137:  119.2  4.500  65.00  14.00  22.50  15.50  29.50  16.10  16.20  0.0000
16-OCT-1995 00 / 1138:  135.6  4.600  69.00  14.40  23.50  16.30  30.70  16.50  19.69  0.0000
16-NOV-1995 00 / 1139:  114.1  4.300  70.80  14.70  23.20  15.90  30.60  17.10  18.91  0.0000
16-DEC-1995 00 / 1140:   54.2  4.500  61.50  15.30  22.90  15.30  30.60  16.10  13.95  0.0000
16-JAN-1996 00 / 1141:   89.5  5.000  58.80  15.00  23.70  16.20  31.20  15.80  15.23  0.0000
15-FEB-1996 00 / 1142:  113.0  4.900  58.80  14.50  23.60  16.40  30.90  17.00  18.31  0.0000
16-MAR-1996 00 / 1143:  216.9  4.700  62.00  14.30  23.70  16.60  30.90  17.60  21.60  0.0000
16-APR-1996 00 / 1144:  139.9  3.800  67.60  11.40  22.60  16.90  28.30  18.70  18.95  0.0000
16-MAY-1996 00 / 1145:  153.4  3.500  67.60  10.90  22.50  17.10  28.00  18.70  18.67  0.0000
16-JUN-1996 00 / 1146:  107.0  3.700  61.90  12.40  22.00  15.80  28.20  17.40  14.52  0.0000
16-JUL-1996 00 / 1147:   85.2  3.700  64.10  12.40  21.60  15.40  27.80  16.40  13.62  0.0000
16-AUG-1996 00 / 1148:  124.8  4.100  63.90  14.80  21.70  14.30  29.10  16.00  15.49  0.0000
16-SEP-1996 00 / 1149:  137.1  4.600  59.90  14.80  22.00  14.60  29.40  15.60  17.15  0.0000
16-OCT-1996 00 / 1150:   82.7  4.800  62.80  14.30  23.00  15.90  30.20  15.70  15.45  0.0000
16-NOV-1996 00 / 1151:  127.2  4.300  68.80  13.60  22.90  16.10  29.70  16.60  20.26  0.0000
16-DEC-1996 00 / 1152:   15.6  4.500  60.60  15.90  22.50  14.60  30.50  15.80   7.91  0.0000
16-JAN-1997 00 / 1153:   79.5  5.000  58.80  15.90  23.50  15.60  31.50  15.60  14.35  0.0000
15-FEB-1997 00 / 1154:   10.9  5.100  54.60  15.50  23.40  15.70  31.20  16.40   3.64  0.0000
16-MAR-1997 00 / 1155:  123.8  4.800  59.00  14.40  23.30  16.10  30.50  17.00  16.87  0.0000
16-APR-1997 00 / 1156:  305.2  3.500  82.70  11.50  22.40  16.70  28.20  18.60  27.48  0.0000
16-MAY-1997 00 / 1157:  117.1  3.400  70.70  10.60  22.50  17.20  27.80  19.10  16.15  0.0000
16-JUN-1997 00 / 1158:   94.0  3.700  59.00  10.80  22.20  16.80  27.60  17.80  13.84  0.0000
16-JUL-1997 00 / 1159:   78.3  3.700  61.60  11.80  21.80  15.90  27.70  17.10  13.17  0.0000
16-AUG-1997 00 / 1160:   95.8  4.000  63.20  13.60  21.70  14.90  28.50  16.30  14.15  0.0000
16-SEP-1997 00 / 1161:   17.0  4.800  56.10  14.10  23.10  16.10  30.20  16.10   6.30  0.0000
16-OCT-1997 00 / 1162:  185.9  4.700  62.80  12.80  23.50  17.10  29.90  16.60  22.73  0.0000
16-NOV-1997 00 / 1163:  283.7  4.200  68.80  13.00  22.70  16.20  29.20  17.10  28.71  0.0000
16-DEC-1997 00 / 1164:  171.3  4.300  67.30  14.70  22.60  15.30  30.00  16.50  24.55  0.0000
16-JAN-1998 00 / 1165:  194.5  4.800  58.80  13.50  23.20  16.50  30.00  16.10  22.15  0.0000
15-FEB-1998 00 / 1166:   98.7  4.500  76.00  14.40  23.80  16.60  31.00  17.20  16.62  0.0000
16-MAR-1998 00 / 1167:  124.2  5.000  51.00  13.10  24.00  17.50  30.60  17.80  17.16  0.0000
16-APR-1998 00 / 1168:  178.8  3.900  68.80  11.10  22.80  17.30  28.40  18.60  21.65  0.0000
16-MAY-1998 00 / 1169:  198.8  3.400  71.10  11.30  22.30  16.70  28.00  18.60  20.71  0.0000
16-JUN-1998 00 / 1170:  109.1  3.900  52.60  11.90  22.20  16.30  28.20  17.40  14.76  0.0000
16-JUL-1998 00 / 1171:   70.4  3.800  61.30  12.30  21.80  15.70  28.00  16.70  11.99  0.0000
16-AUG-1998 00 / 1172:   72.4  3.900  62.90  11.20  21.90  16.30  27.50  16.70  11.84  0.0000
16-SEP-1998 00 / 1173:  113.2  4.500  60.60  13.20  22.60  16.00  29.20  16.30  15.72  0.0000
16-OCT-1998 00 / 1174:  118.1  5.000  57.30  14.50  23.80  16.60  31.10  16.50  18.26  0.0000
16-NOV-1998 00 / 1175:   79.9  4.300  68.80  14.00  23.00  16.00  30.00  16.70  16.30  0.0000
16-DEC-1998 00 / 1176:   21.1  4.500  63.10  15.50  22.70  15.00  30.50  16.10   8.62  0.0000
16-JAN-1999 00 / 1177:   82.7  4.900  58.80  14.90  23.60  16.20  31.10  16.10  14.64  0.0000
15-FEB-1999 00 / 1178:   10.2  5.200  58.00  15.80  24.40  16.50  32.30  16.60   4.46  0.0000
16-MAR-1999 00 / 1179:  360.8  4.600  63.90  13.20  23.80  17.20  30.40  18.10  27.50  0.0000
16-APR-1999 00 / 1180:  158.0  3.800  75.00  12.30  23.00  16.90  29.20  18.60  20.47  0.0000
16-MAY-1999 00 / 1181:  107.5  3.600  68.80  12.30  22.90  16.80  29.10  18.80  15.54  0.0000
16-JUN-1999 00 / 1182:   54.6  3.900  53.40  12.40  22.10  15.90  28.30  17.30  10.33  0.0000
16-JUL-1999 00 / 1183:   51.9  3.900  56.90  12.60  21.60  15.30  27.90  16.60   9.55  0.0000
16-AUG-1999 00 / 1184:  105.0  3.800  72.00  12.60  22.00  15.70  28.30  16.70  14.36  0.0000
16-SEP-1999 00 / 1185:   81.5  4.700  59.10  14.50  22.60  15.40  29.90  16.10  13.02  0.0000
16-OCT-1999 00 / 1186:  118.9  4.700  62.10  14.60  22.80  15.50  30.10  15.60  16.81  0.0000
16-NOV-1999 00 / 1187:  125.0  4.200  68.80  13.20  22.50  15.90  29.10  16.60  19.01  0.0000
16-DEC-1999 00 / 1188:   74.1  4.300  64.00  13.50  22.80  16.10  29.60  16.30  16.52  0.0000
16-JAN-2000 00 / 1189:   38.6  4.900  58.80  16.00  22.70  14.70  30.70  14.80   9.25  0.0000
15-FEB-2000 00 / 1190:   35.8  5.100  59.90  16.40  23.30  15.10  31.50  15.70  10.05  0.0000
16-MAR-2000 00 / 1191:   95.4  4.400  79.20  13.70  23.70  16.90  30.60  17.30  14.45  0.0000
16-APR-2000 00 / 1192:  153.7  4.100  71.40  12.80  23.60  17.20  30.00  18.40  19.78  0.0000
16-MAY-2000 00 / 1193:  143.5  3.800  67.50  12.50  23.50  17.30  29.80  18.90  17.92  0.0000
16-JUN-2000 00 / 1194:   80.0  3.700  56.80  12.30  21.60  15.50  27.80  17.50  12.75  0.0000
16-JUL-2000 00 / 1195:   51.9  4.100  50.60  12.50  22.50  16.30  28.80  17.10  10.82  0.0000
16-AUG-2000 00 / 1196:  142.3  4.200  64.70  13.10  23.00  16.50  29.60  17.30  16.68  0.0000
16-SEP-2000 00 / 1197:  112.4  4.600  60.20  14.30  22.30  15.20  29.50  15.90  15.59  0.0000
16-OCT-2000 00 / 1198:  128.6  4.800  63.60  15.00  23.10  15.60  30.60  15.80  18.66  0.0000
16-NOV-2000 00 / 1199:  111.3  4.400  68.80  12.90  23.40  17.00  29.90  16.90  18.61  0.0000
16-DEC-2000 00 / 1200:   87.0  4.200  62.50  12.80  22.40  16.00  28.80  16.70  16.27  0.0000
16-JAN-2001 00 / 1201:  201.8  4.800  58.80  12.40  23.50  17.30  29.70  16.10  23.51  0.0000
15-FEB-2001 00 / 1202:   25.2  5.000  58.80  13.50  24.60  17.90  31.40  17.70   8.82  0.0000
16-MAR-2001 00 / 1203:  202.5  5.000  55.50  14.00  24.30  17.30  31.30  17.90  21.27  0.0000
16-APR-2001 00 / 1204:  176.0  4.000  70.00  11.50  23.50  17.80  29.30  19.00  21.10  0.0000
16-MAY-2001 00 / 1205:  126.2  3.600  69.50  11.40  23.30  17.60  29.00  19.20  17.03  0.0000
16-JUN-2001 00 / 1206:   78.3  3.700  57.00  11.60  21.80  16.00  27.60  17.30  12.96  0.0000
16-JUL-2001 00 / 1207:  100.1  3.800  62.80  12.10  21.90  15.90  28.00  16.80  14.09  0.0000
16-AUG-2001 00 / 1208:  108.9  4.100  65.00  13.80  22.40  15.50  29.30  16.60  14.98  0.0000
16-SEP-2001 00 / 1209:   96.1  4.800  61.50  14.60  23.20  15.90  30.50  16.20  13.85  0.0000
16-OCT-2001 00 / 1210:  148.4  4.900  65.00  14.50  24.20  17.00  31.50  16.40  20.57  0.0000
16-NOV-2001 00 / 1211:  137.9  4.300  68.80  13.30  23.20  16.60  29.90  17.10  20.97  0.0000
16-DEC-2001 00 / 1212:   19.9  4.500  62.50  14.70  23.20  15.90  30.60  16.40   8.35  0.0000
16-JAN-2002 00 / 1213:  104.1  4.800  58.80  13.30  23.70  17.10  30.40  16.50  17.53  0.0000
15-FEB-2002 00 / 1214:  135.7  4.800  71.50  13.70  24.70  17.90  31.60  17.20  19.74  0.0000
16-MAR-2002 00 / 1215:  122.4  4.900  56.20  12.50  24.30  18.10  30.60  18.20  16.85  0.0000
16-APR-2002 00 / 1216:  238.6  3.700  80.30  10.90  23.80  18.40  29.30  19.50  24.52  0.0000
16-MAY-2002 00 / 1217:  221.6  3.600  69.00  11.60  23.30  17.50  29.10  19.50  22.22  0.0000
16-JUN-2002 00 / 1218:   53.3  3.800  62.50  12.10  22.60  16.60  28.70  17.70   9.52  0.0000
16-JUL-2002 00 / 1219:   43.3  3.900  63.80  12.80  22.60  16.20  29.00  17.20   9.47  0.0000
16-AUG-2002 00 / 1220:   69.3  4.100  65.00  12.10  23.00  17.00  29.10  17.50  12.27  0.0000
16-SEP-2002 00 / 1221:   71.2  4.800  60.00  13.90  23.50  16.60  30.50  16.80  11.94  0.0000
16-OCT-2002 00 / 1222:  125.2  4.800  65.00  13.70  23.90  17.10  30.80  16.50  19.44  0.0000
16-NOV-2002 00 / 1223:  126.2  4.300  68.80  12.70  23.50  17.20  29.90  17.90  20.11  0.0000
16-DEC-2002 00 / 1224:  232.3  4.400  62.50  13.00  23.60  17.10  30.10  17.30  27.56  0.0000
16-JAN-2003 00 / 1225:   48.1  5.200  56.40  14.90  24.50  17.10  32.00  16.40  11.63  0.0000
15-FEB-2003 00 / 1226:   10.0  5.500  45.80  15.70  24.80  17.00  32.70  17.30   5.76  0.0000
16-MAR-2003 00 / 1227:  112.0  5.200  49.90  14.80  24.70  17.30  32.10  18.00  16.41  0.0000
16-APR-2003 00 / 1228:  290.4  4.400  58.90  12.70  24.20  17.90  30.60  19.60  27.29  0.0000
16-MAY-2003 00 / 1229:  255.9  3.200  84.30  10.80  23.70  18.30  29.10  20.40  24.17  0.0000
16-JUN-2003 00 / 1230:   63.8  3.700  63.50  11.50  22.60  16.90  28.40  18.10  11.68  0.0000
16-JUL-2003 00 / 1231:   75.3  3.800  63.30  12.20  22.40  16.30  28.50  17.50  12.33  0.0000
16-AUG-2003 00 / 1232:   96.5  4.100  63.00  13.60  22.30  15.50  29.10  17.10  14.80  0.0000
16-SEP-2003 00 / 1233:   86.0  4.600  61.00  13.50  23.00  16.30  29.80  17.00  13.60  0.0000
16-OCT-2003 00 / 1234:   67.8  4.800  63.90  14.20  23.60  16.50  30.70  16.50  13.37  0.0000
16-NOV-2003 00 / 1235:   58.4  4.800  50.40  14.10  23.60  16.60  30.70  17.30  13.37  0.0000
16-DEC-2003 00 / 1236:   70.5  4.800  58.80  14.90  24.40  17.00  31.90  17.10  16.80  0.0000
16-JAN-2004 00 / 1237:  125.3  5.000  60.10  13.80  24.70  17.80  31.60  17.10  19.59  0.0000
15-FEB-2004 00 / 1238:   57.1  4.900  61.20  13.00  24.80  18.30  31.30  17.90  11.91  0.0000
16-MAR-2004 00 / 1239:  136.7  4.500  65.00  13.50  23.70  17.00  30.50  18.40  17.00  0.0000
16-APR-2004 00 / 1240:  177.9  3.800  70.60  11.50  22.90  17.20  28.70  19.30  21.16  0.0000
16-MAY-2004 00 / 1241:  138.4  3.700  65.50  11.90  23.20  17.30  29.20  19.30  17.36  0.0000
16-JUN-2004 00 / 1242:   87.5  3.700  61.30  12.00  22.70  16.70  28.70  18.10  13.09  0.0000
16-JUL-2004 00 / 1243:   51.7  3.900  59.40  13.20  22.10  15.50  28.70  17.20   8.41  0.0000
16-AUG-2004 00 / 1244:  101.1  4.200  62.00  13.70  22.80  16.00  29.70  17.10  13.78  0.0000
16-SEP-2004 00 / 1245:  114.9  4.500  60.10  13.80  22.50  15.60  29.40  16.60  16.47  0.0000
16-OCT-2004 00 / 1246:   89.7  4.600  65.20  13.70  23.00  16.20  29.90  16.60  17.54  0.0000
16-NOV-2004 00 / 1247:  130.4  4.300  67.60  13.40  23.00  16.30  29.70  17.20  19.66  0.0000
16-DEC-2004 00 / 1248:   82.0  4.300  62.50  13.50  22.90  16.20  29.70  17.10  15.94  0.0000
16-JAN-2005 00 / 1249:   68.6  4.700  56.10  14.90  22.40  15.00  29.90  15.60  12.45  0.0000
15-FEB-2005 00 / 1250:   90.6  5.400  52.50  15.90  24.50  16.60  32.50  16.30  14.89  0.0000
16-MAR-2005 00 / 1251:  156.9  4.900  60.90  14.50  24.40  17.20  31.70  17.80  18.04  0.0000
16-APR-2005 00 / 1252:   88.1  4.200  61.70  11.90  23.70  17.80  29.70  19.00  16.37  0.0000
16-MAY-2005 00 / 1253:  171.7  3.600  65.60  11.50  22.60  16.90  28.40  19.10  19.34  0.0000
16-JUN-2005 00 / 1254:   86.9  3.600  63.60  11.40  22.40  16.70  28.10  17.90  12.99  0.0000
16-JUL-2005 00 / 1255:   75.4  3.600  64.60  11.90  21.70  15.80  27.70  17.20  12.35  0.0000
16-AUG-2005 00 / 1256:  101.6  4.000  64.20  13.00  22.20  15.70  28.70  17.10  13.92  0.0000
16-SEP-2005 00 / 1257:   99.9  4.700  59.90  13.90  23.20  16.30  30.20  16.60  14.62  0.0000
16-OCT-2005 00 / 1258:   94.3  4.700  62.00  14.40  23.30  16.10  30.50  16.40  16.53  0.0000
16-NOV-2005 00 / 1259:   38.7  4.700  54.40  14.50  23.60  16.40  30.90  17.50  11.91  0.0000
16-DEC-2005 00 / 1260:   79.2  4.900  54.10  15.90  23.90  16.00  31.90  16.20  15.56  0.0000
16-JAN-2006 00 / 1261:   68.3  5.100  54.00  15.30  23.80  16.20  31.50  16.00  12.71  0.0000
15-FEB-2006 00 / 1262:   92.3  5.400  47.60  15.40  24.50  16.80  32.20  16.90  17.66  0.0000
16-MAR-2006 00 / 1263:  255.3  4.700  63.20  12.30  24.30  18.20  30.50  18.50  24.27  0.0000
16-APR-2006 00 / 1264:  177.0  4.000  63.50  11.50  23.10  17.40  28.90  19.00  21.84  0.0000
16-MAY-2006 00 / 1265:  159.7  3.500  64.70  11.40  22.30  16.60  28.00  18.90  19.28  0.0000
16-JUN-2006 00 / 1266:   39.4  3.800  56.30  12.70  22.20  15.90  28.60  17.50   8.81  0.0000
16-JUL-2006 00 / 1267:   33.0  3.800  62.10  12.20  22.30  16.20  28.40  17.10   7.77  0.0000
16-AUG-2006 00 / 1268:  175.5  4.100  64.80  13.30  22.90  16.30  29.60  17.60  20.16  0.0000
16-SEP-2006 00 / 1269:  148.2  4.500  58.80  13.90  22.10  15.20  29.10  16.50  18.61  0.0000
16-OCT-2006 00 / 1270:   92.5  4.900  62.30  14.30  24.00  16.90  31.20  17.00  16.37  0.0000
16-NOV-2006 00 / 1271:  171.2  4.000  72.70  12.10  23.10  17.10  29.20  17.90  22.59  0.0000
16-DEC-2006 00 / 1272:  113.1  3.900  69.70  12.00  22.50  16.50  28.50  17.60  18.30  0.0000
16-JAN-2007 00 / 1273:   93.6  4.800  59.20  13.80  23.40  16.50  30.30  16.40  14.54  0.0000
15-FEB-2007 00 / 1274:  101.9  5.000  56.60  14.50  23.80  16.60  31.10  17.00  15.96  0.0000
16-MAR-2007 00 / 1275:  160.0  4.700  61.90  14.10  23.80  16.80  30.90  17.70  18.45  0.0000
16-APR-2007 00 / 1276:  207.8  4.100  66.40  12.70  23.20  16.90  29.60  18.70  22.86  0.0000
16-MAY-2007 00 / 1277:  165.5  3.700  65.70  11.60  23.20  17.40  29.00  19.40  19.43  0.0000
16-JUN-2007 00 / 1278:   87.1  3.600  60.30  12.10  21.60  15.60  27.70  17.30  13.03  0.0000
16-JUL-2007 00 / 1279:  108.7  3.700  61.80  12.70  21.00  14.70  27.40  15.80  14.35  0.0000
16-AUG-2007 00 / 1280:  136.1  4.100  63.30  13.10  22.20  15.70  28.80  16.90  17.58  0.0000
16-SEP-2007 00 / 1281:  276.2  4.700  60.90  13.70  22.80  16.00  29.70  16.10  25.48  0.0000
16-OCT-2007 00 / 1282:   58.3  5.000  58.40  14.70  23.70  16.40  31.10  16.10  13.59  0.0000
16-NOV-2007 00 / 1283:   58.2  4.400  64.00  14.20  22.60  15.50  29.70  16.70  14.16  0.0000
16-DEC-2007 00 / 1284:   80.0  4.500  58.60  14.20  23.20  16.10  30.30  17.10  15.86  0.0000
16-JAN-2008 00 / 1285:   67.9  5.000  55.10  15.00  23.70  16.20  31.20  16.10  12.65  0.0000
15-FEB-2008 00 / 1286:   81.8  5.000  54.70  14.70  23.60  16.30  31.00  17.00  14.35  0.0000
16-MAR-2008 00 / 1287:  220.7  4.400  69.40  13.10  23.50  17.00  30.10  17.70  21.62  0.0000
16-APR-2008 00 / 1288:  115.3  4.000  63.20  12.00  22.70  16.70  28.70  18.40  18.18  0.0000
16-MAY-2008 00 / 1289:  143.3  3.600  64.30  11.90  22.30  16.40  28.30  18.70  17.82  0.0000
16-JUN-2008 00 / 1290:   79.4  3.500  62.80  11.60  21.70  15.90  27.50  17.50  13.75  0.0000
16-JUL-2008 00 / 1291:   61.2  3.900  57.40  13.20  21.90  15.30  28.50  16.90  12.48  0.0000
16-AUG-2008 00 / 1292:   92.7  4.200  60.70  13.60  22.90  16.10  29.70  17.50  12.40  0.0000
16-SEP-2008 00 / 1293:  164.9  4.800  58.80  14.30  23.60  16.50  30.80  17.10  20.43  0.0000
16-OCT-2008 00 / 1294:  171.3  4.700  63.30  14.00  23.30  16.30  30.30  16.60  22.15  0.0000
16-NOV-2008 00 / 1295:  172.9  4.300  66.40  13.70  22.80  16.00  29.70  17.30  24.09  0.0000
16-DEC-2008 00 / 1296:   14.4  4.500  56.30  14.90  22.60  15.20  30.10  16.50   6.52  0.0000
16-JAN-2009 00 / 1297:  116.0  5.000  56.00  14.90  24.00  16.60  31.50  16.50  18.50  0.0000
15-FEB-2009 00 / 1298:   85.8  4.900  56.50  14.50  23.60  16.40  30.90  17.20  14.80  0.0000
16-MAR-2009 00 / 1299:   68.5  5.000  57.40  14.50  24.30  17.10  31.60  18.00  12.83  0.0000
16-APR-2009 00 / 1300:  270.9  4.200  66.70  12.60  23.90  17.60  30.20  19.00  26.03  0.0000
16-MAY-2009 00 / 1301:  157.9  3.700  65.80  11.70  23.20  17.40  29.10  19.30  19.38  0.0000
16-JUN-2009 00 / 1302:   26.6  3.800  59.20  12.20  22.60  16.50  28.70  18.20   6.74  0.0000
16-JUL-2009 00 / 1303:   52.1  4.000  58.60  13.10  22.60  16.10  29.20  17.70   8.56  0.0000
16-AUG-2009 00 / 1304:   60.4  4.200  61.40  13.40  23.30  16.60  30.00  18.00   9.47  0.0000
16-SEP-2009 00 / 1305:   99.2  4.800  59.50  14.10  23.50  16.50  30.60  17.00  14.32  0.0000
16-OCT-2009 00 / 1306:  152.3  4.800  63.30  13.90  24.00  17.10  31.00  16.80  21.69  0.0000
16-NOV-2009 00 / 1307:  103.3  4.300  68.10  13.20  23.40  16.80  30.00  17.50  18.75  0.0000
16-DEC-2009 00 / 1308:   99.9  4.800  53.70  13.80  24.50  17.60  31.40  17.90  18.19  0.0000
16-JAN-2010 00 / 1309:  121.3  4.900  56.40  14.60  23.90  16.60  31.20  17.00  19.00  0.0000
15-FEB-2010 00 / 1310:  191.7  4.900  57.20  14.30  23.50  16.40  30.70  16.70  24.21  0.0000
16-MAR-2010 00 / 1311:  290.5  4.700  65.60  13.80  24.40  17.50  31.30  18.10  25.05  0.0000
16-APR-2010 00 / 1312:  179.1  4.300  58.80  11.50  24.00  18.30  29.80  19.30  21.65  0.0000
16-MAY-2010 00 / 1313:  187.7  3.600  71.50  11.50  23.10  17.40  28.90  19.10  20.98  0.0000
16-JUN-2010 00 / 1314:  183.4  3.700  62.30  11.60  22.30  16.50  28.10  17.60  19.73  0.0000
16-JUL-2010 00 / 1315:   53.4  3.800  59.80  12.70  21.80  15.50  28.20  16.90  10.13  0.0000
16-AUG-2010 00 / 1316:   66.2  4.100  63.10  13.20  22.70  16.10  29.30  17.30  12.61  0.0000
16-SEP-2010 00 / 1317:   81.6  4.600  60.60  13.70  22.90  16.10  29.80  16.70  13.42  0.0000
16-OCT-2010 00 / 1318:  120.4  4.900  65.50  14.70  24.10  16.80  31.50  16.60  19.08  0.0000
16-NOV-2010 00 / 1319:   86.7  4.500  63.70  13.90  23.40  16.50  30.40  17.30  17.55  0.0000
16-DEC-2010 00 / 1320:   63.4  4.900  45.50  14.20  23.90  16.80  31.00  17.20  14.47  0.0000
