YEAR         X     XX          PRED   PETD   CLDD   DTRD   TMPD   TMND   TMXD   VAPD   WETD    FRSD
16-JAN-1960 00 /  709:   70.2  3.500  61.50  13.50  22.80  16.10  29.60  19.10  12.66  0.0000
15-FEB-1960 00 /  710:  104.9  3.600  66.00  12.60  23.70  17.40  30.00  19.30  15.03  0.0000
16-MAR-1960 00 /  711:   91.8  3.400  74.90  12.30  23.40  17.30  29.60  20.00  15.08  0.0000
16-APR-1960 00 /  712:  110.5  2.900  82.20  10.50  22.90  17.70  28.20  20.90  17.42  0.0000
16-MAY-1960 00 /  713:  103.2  3.100  68.30  11.20  23.30  17.70  28.90  21.40  16.51  0.0000
16-JUN-1960 00 /  714:   62.1  2.300  99.50  11.00  22.80  17.30  28.30  20.70   8.12  0.0000
16-JUL-1960 00 /  715:   57.4  2.800  71.00  11.10  21.70  16.20  27.30  20.00   8.15  0.0000
16-AUG-1960 00 /  716:  151.6  2.900  75.80  10.80  22.10  16.70  27.50  20.50  12.54  0.0000
16-SEP-1960 00 /  717:  101.8  3.100  71.70  11.30  22.30  16.70  28.00  20.40  13.46  0.0000
16-OCT-1960 00 /  718:  144.8  3.100  72.00  11.40  22.30  16.60  28.00  20.70  18.16  0.0000
16-NOV-1960 00 /  719:  102.1  3.100  68.00  12.20  22.70  16.60  28.80  20.50  15.92  0.0000
16-DEC-1960 00 /  720:   45.5  3.200  65.20  12.60  23.10  16.80  29.40  20.20  11.81  0.0000
16-JAN-1961 00 /  721:   38.7  3.400  65.40  14.20  23.10  16.00  30.20  19.40   8.42  0.0000
15-FEB-1961 00 /  722:   62.5  3.500  65.90  12.80  23.20  16.80  29.60  19.00  12.13  0.0000
16-MAR-1961 00 /  723:   85.2  3.500  70.10  12.60  23.70  17.40  30.00  20.40  14.69  0.0000
16-APR-1961 00 /  724:  128.8  3.200  73.20  11.40  23.50  17.80  29.20  21.60  18.69  0.0000
16-MAY-1961 00 /  725:  128.6  3.300  64.30  11.50  23.90  18.20  29.70  22.20  18.19  0.0000
16-JUN-1961 00 /  726:  164.5  3.000  68.60  10.90  22.80  17.40  28.30  21.20  13.00  0.0000
16-JUL-1961 00 /  727:  131.1  2.700  73.50  10.50  21.80  16.60  27.10  20.70  11.96  0.0000
16-AUG-1961 00 /  728:  168.6  2.700  79.00   9.70  21.60  16.80  26.50  20.60  13.22  0.0000
16-SEP-1961 00 /  729:  168.1  3.000  74.10  10.60  22.10  16.80  27.40  20.50  16.93  0.0000
16-OCT-1961 00 /  730:  170.1  2.800  81.90  10.40  22.00  16.80  27.20  20.80  19.51  0.0000
16-NOV-1961 00 /  731:  304.4  2.700  83.90  10.60  21.80  16.50  27.10  19.80  25.96  0.0000
16-DEC-1961 00 /  732:   87.0  2.900  70.00  11.20  21.60  16.00  27.20  19.00  16.10  0.0000
16-JAN-1962 00 /  733:   70.6  3.300  62.80  12.80  21.80  15.40  28.20  18.30  13.10  0.0000
15-FEB-1962 00 /  734:   24.7  4.000  51.70  14.90  23.30  15.90  30.80  18.60   6.55  0.0000
16-MAR-1962 00 /  735:  114.2  3.300  73.60  12.20  23.30  17.20  29.40  20.30  16.75  0.0000
16-APR-1962 00 /  736:  125.1  3.100  73.20  11.40  23.10  17.40  28.80  21.20  18.33  0.0000
16-MAY-1962 00 /  737:  131.1  3.000  70.30  11.00  22.80  17.30  28.30  21.20  18.26  0.0000
16-JUN-1962 00 /  738:  126.9  2.900  70.00  10.90  22.40  17.00  27.90  20.70  11.65  0.0000
16-JUL-1962 00 /  739:   48.9  2.900  70.20  11.20  21.90  16.30  27.50  20.50   7.51  0.0000
16-AUG-1962 00 /  740:  143.0  2.800  78.80  10.30  21.90  16.80  27.10  20.60  12.45  0.0000
16-SEP-1962 00 /  741:  188.2  3.000  74.40  11.10  22.20  16.70  27.80  20.90  17.75  0.0000
16-OCT-1962 00 /  742:  190.6  3.000  74.10  11.40  22.10  16.40  27.80  20.80  20.41  0.0000
16-NOV-1962 00 /  743:  121.7  3.200  66.10  12.70  22.60  16.30  29.00  20.80  17.17  0.0000
16-DEC-1962 00 /  744:   92.3  3.100  68.10  12.30  22.60  16.50  28.80  20.00  16.13  0.0000
16-JAN-1963 00 /  745:  151.5  3.300  65.20  12.80  22.90  16.50  29.30  19.50  18.50  0.0000
15-FEB-1963 00 /  746:   99.9  3.700  61.50  13.20  23.40  16.80  30.00  19.30  15.30  0.0000
16-MAR-1963 00 /  747:  110.3  3.500  70.00  12.60  23.60  17.30  29.90  20.40  16.13  0.0000
16-APR-1963 00 /  748:  182.7  2.900  79.20  10.90  22.80  17.40  28.30  21.20  21.95  0.0000
16-MAY-1963 00 /  749:  164.1  3.000  71.80  10.80  22.90  17.50  28.30  21.60  20.35  0.0000
16-JUN-1963 00 /  750:   57.9  3.000  63.80  11.00  22.50  17.00  28.00  21.00   7.49  0.0000
16-JUL-1963 00 /  751:   85.3  2.800  70.00  11.20  21.90  16.30  27.50  20.70   9.85  0.0000
16-AUG-1963 00 /  752:  107.3  2.900  73.70  11.10  21.80  16.30  27.40  20.60  10.76  0.0000
16-SEP-1963 00 /  753:   67.5  3.300  65.00  12.30  22.40  16.30  28.60  20.80  11.00  0.0000
16-OCT-1963 00 /  754:  114.0  3.300  66.00  12.50  22.70  16.50  29.00  21.00  15.99  0.0000
16-NOV-1963 00 /  755:  161.8  2.900  75.80  10.90  22.40  17.00  27.90  21.10  19.61  0.0000
16-DEC-1963 00 /  756:  115.8  3.000  69.70  11.80  22.30  16.40  28.20  19.80  17.81  0.0000
16-JAN-1964 00 /  757:   43.2  3.400  63.80  13.40  23.10  16.40  29.80  19.90   8.81  0.0000
15-FEB-1964 00 /  758:   73.1  3.700  61.90  13.20  23.60  17.00  30.20  19.30  12.73  0.0000
16-MAR-1964 00 /  759:  113.2  3.600  69.10  12.70  24.00  17.70  30.40  20.70  16.87  0.0000
16-APR-1964 00 /  760:  165.3  3.100  73.10  11.20  23.20  17.60  28.80  21.30  20.91  0.0000
16-MAY-1964 00 /  761:   83.7  3.100  66.10  11.60  23.20  17.40  29.00  21.70  14.71  0.0000
16-JUN-1964 00 /  762:   93.9  2.900  68.00  10.90  22.50  17.10  28.00  20.80  10.19  0.0000
16-JUL-1964 00 /  763:   90.7  2.800  72.20  10.90  21.50  16.10  27.00  20.40   9.91  0.0000
16-AUG-1964 00 /  764:  132.1  2.800  76.60  10.30  21.50  16.40  26.70  20.50  11.83  0.0000
16-SEP-1964 00 /  765:  149.9  3.100  71.20  11.30  21.80  16.20  27.50  20.50  16.00  0.0000
16-OCT-1964 00 /  766:  189.5  3.000  74.30  11.30  21.80  16.20  27.50  20.50  20.49  0.0000
16-NOV-1964 00 /  767:   90.0  3.300  63.90  12.90  22.60  16.20  29.10  20.40  14.18  0.0000
16-DEC-1964 00 /  768:  127.5  3.000  71.10  12.10  22.10  16.10  28.20  19.80  19.16  0.0000
16-JAN-1965 00 /  769:   36.1  3.500  57.90  13.90  22.70  15.80  29.70  19.20   8.75  0.0000
15-FEB-1965 00 /  770:   38.4  3.700  60.00  13.80  22.80  15.90  29.70  18.30   9.66  0.0000
16-MAR-1965 00 /  771:  127.6  3.400  73.40  12.40  23.70  17.50  29.90  20.70  17.61  0.0000
16-APR-1965 00 /  772:  109.8  3.200  72.30  11.50  23.00  17.30  28.80  21.10  17.41  0.0000
16-MAY-1965 00 /  773:  107.8  3.300  62.00  12.10  23.40  17.40  29.50  21.50  16.83  0.0000
16-JUN-1965 00 /  774:   57.5  3.200  58.70  11.90  22.50  16.60  28.50  20.90   8.10  0.0000
16-JUL-1965 00 /  775:   74.0  3.000  64.20  11.90  22.00  16.10  28.00  20.40   9.27  0.0000
16-AUG-1965 00 /  776:  120.6  2.900  73.90  11.10  21.80  16.30  27.40  20.70  11.34  0.0000
16-SEP-1965 00 /  777:  138.6  3.200  67.70  11.90  22.50  16.60  28.50  20.90  15.63  0.0000
16-OCT-1965 00 /  778:  197.9  3.000  73.50  11.40  22.10  16.40  27.80  20.90  20.91  0.0000
16-NOV-1965 00 /  779:  126.6  3.100  69.00  11.80  22.70  16.80  28.60  20.80  17.63  0.0000
16-DEC-1965 00 /  780:   76.9  3.200  63.60  12.70  22.70  16.40  29.10  20.10  14.87  0.0000
16-JAN-1966 00 /  781:   62.6  3.500  60.40  13.60  23.50  16.70  30.30  20.10  11.48  0.0000
15-FEB-1966 00 /  782:   89.1  3.500  68.80  12.30  23.60  17.50  29.80  19.70  14.14  0.0000
16-MAR-1966 00 /  783:  145.8  3.300  75.20  11.80  23.60  17.70  29.50  20.70  18.67  0.0000
16-APR-1966 00 /  784:  188.6  3.100  73.40  11.20  22.90  17.30  28.50  21.10  22.24  0.0000
16-MAY-1966 00 /  785:   59.0  3.200  63.90  11.90  23.40  17.50  29.40  21.90  12.68  0.0000
16-JUN-1966 00 /  786:   86.6  3.200  58.40  11.50  22.90  17.20  28.70  21.00   9.41  0.0000
16-JUL-1966 00 /  787:   90.4  2.900  71.00  11.10  22.00  16.50  27.60  20.60  10.13  0.0000
16-AUG-1966 00 /  788:  164.2  2.900  75.20  10.90  21.90  16.50  27.40  20.40  12.93  0.0000
16-SEP-1966 00 /  789:  173.2  3.200  69.80  11.40  22.30  16.60  28.00  20.60  17.12  0.0000
16-OCT-1966 00 /  790:  121.7  3.200  69.90  11.90  22.40  16.50  28.40  20.90  16.65  0.0000
16-NOV-1966 00 /  791:  103.0  3.100  68.40  12.30  22.60  16.50  28.80  20.60  15.85  0.0000
16-DEC-1966 00 /  792:   33.7  3.300  61.40  13.10  22.70  16.20  29.30  19.90   8.56  0.0000
16-JAN-1967 00 /  793:   33.3  3.500  58.40  14.10  22.90  15.90  30.00  19.30   8.69  0.0000
15-FEB-1967 00 /  794:   23.5  3.800  58.90  14.20  23.60  16.50  30.70  19.20   7.54  0.0000
16-MAR-1967 00 /  795:   81.9  3.600  66.80  13.30  23.60  17.00  30.30  20.30  13.94  0.0000
16-APR-1967 00 /  796:  145.5  3.500  62.80  11.90  23.60  17.70  29.60  21.70  19.69  0.0000
16-MAY-1967 00 /  797:  136.8  3.100  66.90  11.30  23.00  17.40  28.70  21.40  18.31  0.0000
16-JUN-1967 00 /  798:  107.2  3.000  63.80  10.90  22.20  16.80  27.70  20.50  10.85  0.0000
16-JUL-1967 00 /  799:   87.2  2.800  72.00  10.60  21.70  16.40  27.00  20.30   9.71  0.0000
16-AUG-1967 00 /  800:   89.5  2.800  74.90  10.80  21.50  16.10  26.90  20.30  10.00  0.0000
16-SEP-1967 00 /  801:  117.4  3.000  72.50  11.20  22.00  16.40  27.60  20.50  14.50  0.0000
16-OCT-1967 00 /  802:  204.2  2.900  76.50  11.10  22.10  16.60  27.70  20.80  20.96  0.0000
16-NOV-1967 00 /  803:  146.7  2.900  74.10  11.00  22.00  16.50  27.50  20.30  18.63  0.0000
16-DEC-1967 00 /  804:   44.2  3.200  63.80  12.40  22.60  16.40  28.80  19.80  11.35  0.0000
16-JAN-1968 00 /  805:   24.3  3.600  55.80  14.10  22.40  15.40  29.50  18.70   7.64  0.0000
15-FEB-1968 00 /  806:  116.9  3.600  62.00  13.20  23.00  16.40  29.60  18.80  16.06  0.0000
16-MAR-1968 00 /  807:  131.2  3.600  64.30  12.80  23.00  16.60  29.40  19.70  17.89  0.0000
16-APR-1968 00 /  808:  129.1  3.200  70.00  11.70  22.60  16.80  28.50  20.40  18.74  0.0000
16-MAY-1968 00 /  809:   77.9  3.200  63.20  11.90  22.50  16.60  28.50  20.60  14.54  0.0000
16-JUN-1968 00 /  810:  105.4  3.000  64.80  10.90  22.20  16.80  27.70  20.20  10.35  0.0000
16-JUL-1968 00 /  811:   72.7  2.800  69.40  11.40  21.50  15.80  27.20  20.10   9.13  0.0000
16-AUG-1968 00 /  812:  117.0  2.900  73.60  10.90  21.60  16.20  27.10  20.10  11.27  0.0000
16-SEP-1968 00 /  813:  102.9  3.300  64.30  12.50  22.20  16.00  28.50  20.70  13.52  0.0000
16-OCT-1968 00 /  814:  146.3  3.100  69.90  12.00  22.10  16.10  28.10  20.50  17.91  0.0000
16-NOV-1968 00 /  815:   96.0  3.200  66.90  12.40  22.80  16.60  29.00  21.00  15.37  0.0000
16-DEC-1968 00 /  816:  153.3  3.000  70.20  11.90  22.60  16.70  28.60  20.10  20.55  0.0000
16-JAN-1969 00 /  817:  122.2  3.200  69.20  12.40  22.80  16.60  29.00  20.00  16.35  0.0000
15-FEB-1969 00 /  818:   82.1  3.500  66.90  12.80  23.40  17.00  29.80  19.40  13.33  0.0000
16-MAR-1969 00 /  819:   86.8  3.300  73.90  12.30  23.50  17.40  29.70  20.70  14.61  0.0000
16-APR-1969 00 /  820:   90.5  3.400  64.50  12.40  23.80  17.60  30.00  22.10  15.78  0.0000
16-MAY-1969 00 /  821:  154.9  3.200  65.40  11.60  23.30  17.50  29.10  21.60  19.85  0.0000
16-JUN-1969 00 /  822:   70.4  3.100  62.80  11.30  22.80  17.20  28.50  21.30   8.73  0.0000
16-JUL-1969 00 /  823:   55.6  3.000  63.80  11.90  21.90  16.00  27.90  20.70   8.03  0.0000
16-AUG-1969 00 /  824:  118.0  3.100  68.00  11.90  21.90  16.00  27.90  20.60  11.45  0.0000
16-SEP-1969 00 /  825:  150.2  3.200  67.60  12.00  22.50  16.50  28.50  21.00  16.21  0.0000
16-OCT-1969 00 /  826:  129.8  3.200  70.10  12.10  22.80  16.80  28.90  21.30  17.27  0.0000
16-NOV-1969 00 /  827:  112.9  3.200  66.70  12.40  22.80  16.60  29.00  20.80  16.59  0.0000
16-DEC-1969 00 /  828:   68.8  3.300  62.90  12.90  23.00  16.60  29.50  20.20  14.10  0.0000
16-JAN-1970 00 /  829:   87.1  3.400  63.30  12.60  23.10  16.80  29.40  19.80  13.55  0.0000
15-FEB-1970 00 /  830:   48.8  3.700  62.20  13.40  24.10  17.40  30.80  20.10  10.96  0.0000
16-MAR-1970 00 /  831:  158.2  3.300  76.60  11.80  23.70  17.80  29.60  21.10  19.59  0.0000
16-APR-1970 00 /  832:  173.4  3.200  72.90  11.40  23.50  17.80  29.20  21.90  21.36  0.0000
16-MAY-1970 00 /  833:  134.1  3.200  65.80  11.50  23.10  17.40  28.90  21.50  18.57  0.0000
16-JUN-1970 00 /  834:  101.6  3.200  60.80  11.50  22.90  17.20  28.70  21.20  10.32  0.0000
16-JUL-1970 00 /  835:   95.7  2.800  70.60  11.00  22.00  16.50  27.50  20.80  10.35  0.0000
16-AUG-1970 00 /  836:  225.8  2.700  79.20  10.20  22.00  16.90  27.10  21.10  15.31  0.0000
16-SEP-1970 00 /  837:  135.6  3.100  70.20  11.60  22.40  16.60  28.20  21.30  15.13  0.0000
16-OCT-1970 00 /  838:  113.7  3.000  72.70  11.80  22.50  16.60  28.40  21.70  16.28  0.0000
16-NOV-1970 00 /  839:   56.4  3.300  63.00  12.70  22.80  16.50  29.20  20.40  11.71  0.0000
16-DEC-1970 00 /  840:   35.1  3.200  63.70  12.80  22.20  15.80  28.60  19.30  10.38  0.0000
16-JAN-1971 00 /  841:   30.9  3.600  57.00  14.00  22.90  15.90  29.90  19.30   8.80  0.0000
15-FEB-1971 00 /  842:   27.8  3.800  54.40  14.40  23.20  16.00  30.40  19.00   8.25  0.0000
16-MAR-1971 00 /  843:   96.0  3.800  60.70  14.20  23.90  16.80  31.00  20.40  15.57  0.0000
16-APR-1971 00 /  844:  132.5  3.400  63.60  12.00  23.10  17.10  29.10  21.00  19.00  0.0000
16-MAY-1971 00 /  845:  147.7  3.300  62.20  11.90  23.10  17.20  29.10  21.30  19.42  0.0000
16-JUN-1971 00 /  846:   77.8  3.200  55.80  12.10  22.30  16.30  28.40  20.60   9.37  0.0000
16-JUL-1971 00 /  847:  118.7  2.900  67.30  11.50  21.70  16.00  27.50  20.10  11.37  0.0000
16-AUG-1971 00 /  848:  137.0  2.800  76.10  10.80  21.90  16.50  27.30  20.50  12.00  0.0000
16-SEP-1971 00 /  849:  145.5  3.100  69.40  11.90  22.00  16.10  28.00  20.50  16.01  0.0000
16-OCT-1971 00 /  850:  131.6  3.100  71.30  11.90  22.20  16.30  28.20  20.50  17.05  0.0000
16-NOV-1971 00 /  851:  104.8  3.100  70.10  11.90  22.80  16.90  28.80  20.70  16.03  0.0000
16-DEC-1971 00 /  852:    7.9  3.200  64.00  12.80  22.00  15.60  28.40  19.00   4.75  0.0000
16-JAN-1972 00 /  853:  103.7  3.400  64.30  13.20  23.00  16.40  29.60  19.80  15.14  0.0000
15-FEB-1972 00 /  854:   68.8  3.500  65.60  12.70  22.90  16.60  29.30  19.00  12.47  0.0000
16-MAR-1972 00 /  855:   80.3  3.600  68.70  13.10  23.80  17.30  30.40  20.60  14.43  0.0000
16-APR-1972 00 /  856:  126.6  3.300  69.40  11.80  23.40  17.50  29.30  21.40  18.64  0.0000
16-MAY-1972 00 /  857:   94.1  3.200  66.20  11.40  23.30  17.60  29.00  21.40  15.60  0.0000
16-JUN-1972 00 /  858:  153.9  2.800  72.30  10.20  22.60  17.50  27.70  20.80  12.39  0.0000
16-JUL-1972 00 /  859:   53.3  2.900  70.40  10.90  22.40  17.00  27.90  20.90   7.93  0.0000
16-AUG-1972 00 /  860:  157.8  2.900  76.10  10.50  22.10  16.90  27.40  20.60  13.00  0.0000
16-SEP-1972 00 /  861:   96.6  3.300  66.90  12.10  22.50  16.50  28.60  20.80  13.15  0.0000
16-OCT-1972 00 /  862:  158.7  3.100  72.40  11.70  22.50  16.70  28.40  20.90  18.93  0.0000
16-NOV-1972 00 /  863:  143.7  3.000  72.60  11.40  22.40  16.70  28.10  20.50  18.48  0.0000
16-DEC-1972 00 /  864:   64.2  3.200  66.10  12.30  22.80  16.70  29.00  19.90  13.19  0.0000
16-JAN-1973 00 /  865:   54.0  3.500  60.80  13.20  23.30  16.70  29.90  19.80  11.43  0.0000
15-FEB-1973 00 /  866:   86.5  3.900  58.10  14.10  24.40  17.40  31.50  19.80  13.97  0.0000
16-MAR-1973 00 /  867:   66.1  3.800  63.00  13.30  24.30  17.70  31.00  21.20  12.70  0.0000
16-APR-1973 00 /  868:  107.7  3.400  67.00  11.80  23.50  17.60  29.40  21.50  17.13  0.0000
16-MAY-1973 00 /  869:  120.5  3.200  64.90  11.40  23.10  17.40  28.80  21.40  17.74  0.0000
16-JUN-1973 00 /  870:   36.3  3.100  65.20  11.20  22.80  17.20  28.40  20.80   5.91  0.0000
16-JUL-1973 00 /  871:   38.6  2.900  68.60  11.50  21.80  16.10  27.60  20.20   6.71  0.0000
16-AUG-1973 00 /  872:  107.6  2.900  76.10  10.70  22.00  16.70  27.40  20.60  10.96  0.0000
16-SEP-1973 00 /  873:  182.9  3.100  71.40  11.40  22.10  16.40  27.80  20.50  17.54  0.0000
16-OCT-1973 00 /  874:  141.0  3.300  67.30  12.40  22.80  16.60  29.00  20.90  17.80  0.0000
16-NOV-1973 00 /  875:  114.1  3.200  65.00  12.20  22.70  16.60  28.80  20.30  16.68  0.0000
16-DEC-1973 00 /  876:   19.5  3.400  58.00  13.20  22.60  16.00  29.20  19.40   6.95  0.0000
16-JAN-1974 00 /  877:   66.8  3.500  58.30  14.00  22.80  15.80  29.80  19.40  12.34  0.0000
15-FEB-1974 00 /  878:   61.5  3.800  59.70  13.80  23.80  16.90  30.70  19.60  11.84  0.0000
16-MAR-1974 00 /  879:  144.4  3.500  70.40  12.70  23.70  17.40  30.10  20.70  18.85  0.0000
16-APR-1974 00 /  880:   99.5  3.100  72.70  11.10  23.10  17.60  28.70  21.40  16.47  0.0000
16-MAY-1974 00 /  881:  153.2  3.000  69.70  11.20  22.40  16.80  28.00  20.80  19.49  0.0000
16-JUN-1974 00 /  882:  182.1  3.000  67.20  10.80  22.50  17.10  27.90  20.60  13.74  0.0000
16-JUL-1974 00 /  883:  119.4  2.700  76.40  10.10  21.70  16.70  26.80  20.10  11.30  0.0000
16-AUG-1974 00 /  884:  162.8  2.900  73.80  11.20  21.80  16.20  27.40  20.40  13.21  0.0000
16-SEP-1974 00 /  885:  139.6  3.200  66.40  12.10  21.70  15.70  27.80  20.10  15.63  0.0000
16-OCT-1974 00 /  886:  107.2  3.300  66.50  12.70  22.50  16.20  28.90  20.60  15.71  0.0000
16-NOV-1974 00 /  887:   82.2  3.300  64.00  13.00  22.70  16.20  29.20  19.80  14.47  0.0000
16-DEC-1974 00 /  888:   35.5  3.200  64.30  12.90  22.50  16.10  29.00  19.30  10.52  0.0000
16-JAN-1975 00 /  889:   59.4  3.500  58.00  13.80  22.90  16.00  29.80  19.30  11.59  0.0000
15-FEB-1975 00 /  890:   63.9  3.700  62.00  13.60  23.90  17.10  30.70  19.70  12.11  0.0000
16-MAR-1975 00 /  891:  102.6  3.500  69.30  12.70  23.80  17.50  30.20  20.60  15.81  0.0000
16-APR-1975 00 /  892:  131.7  3.300  69.60  11.70  23.40  17.60  29.30  21.50  17.91  0.0000
16-MAY-1975 00 /  893:  159.0  3.200  63.90  11.70  23.00  17.20  28.90  21.20  19.73  0.0000
16-JUN-1975 00 /  894:   84.9  2.800  71.10  10.20  22.20  17.10  27.30  20.60   9.62  0.0000
16-JUL-1975 00 /  895:  123.8  2.800  72.20  10.50  21.80  16.60  27.10  20.20  11.65  0.0000
16-AUG-1975 00 /  896:  179.5  2.700  79.80   9.90  21.50  16.60  26.50  20.30  13.76  0.0000
16-SEP-1975 00 /  897:  176.5  3.000  74.80  10.90  21.60  16.20  27.10  20.00  17.46  0.0000
16-OCT-1975 00 /  898:  149.9  3.000  76.00  11.20  22.10  16.50  27.70  20.20  18.17  0.0000
16-NOV-1975 00 /  899:   80.4  3.300  66.00  13.00  22.90  16.40  29.40  20.10  14.34  0.0000
16-DEC-1975 00 /  900:   42.7  3.100  68.20  12.50  22.40  16.20  28.70  19.30  11.08  0.0000
16-JAN-1976 00 /  901:   32.0  3.700  55.10  14.10  23.20  16.20  30.30  19.60   8.42  0.0000
15-FEB-1976 00 /  902:   99.3  3.600  62.20  13.30  23.40  16.80  30.10  19.20  14.79  0.0000
16-MAR-1976 00 /  903:   78.6  3.400  71.70  12.60  23.60  17.30  29.90  20.40  14.20  0.0000
16-APR-1976 00 /  904:  132.1  3.200  72.10  11.50  23.20  17.50  29.00  21.10  18.99  0.0000
16-MAY-1976 00 /  905:  151.2  3.000  71.30  10.90  23.10  17.70  28.60  21.30  19.79  0.0000
16-JUN-1976 00 /  906:   73.3  3.000  64.80  10.90  22.60  17.20  28.10  20.50   9.02  0.0000
16-JUL-1976 00 /  907:  161.8  2.800  73.60  10.50  21.90  16.70  27.20  20.20  13.24  0.0000
16-AUG-1976 00 /  908:  189.6  2.900  75.70  10.60  22.00  16.70  27.30  20.40  13.92  0.0000
16-SEP-1976 00 /  909:  102.7  3.300  67.10  11.80  22.60  16.70  28.50  20.80  13.59  0.0000
16-OCT-1976 00 /  910:  113.7  3.300  66.80  12.40  22.90  16.70  29.10  21.00  16.28  0.0000
16-NOV-1976 00 /  911:  126.6  3.100  72.50  11.70  23.00  17.20  28.90  20.90  17.45  0.0000
16-DEC-1976 00 /  912:   67.0  3.200  67.60  12.60  23.40  17.10  29.70  20.30  13.80  0.0000
16-JAN-1977 00 /  913:   70.8  3.300  66.10  12.50  23.00  16.80  29.30  19.90  12.86  0.0000
15-FEB-1977 00 /  914:   70.0  3.700  60.50  13.40  23.70  17.00  30.40  19.30  12.48  0.0000
16-MAR-1977 00 /  915:  150.3  3.500  71.30  12.60  23.90  17.60  30.20  20.80  18.88  0.0000
16-APR-1977 00 /  916:  156.7  3.000  78.60  10.90  23.40  18.00  28.90  21.70  20.38  0.0000
16-MAY-1977 00 /  917:   90.1  3.200  65.50  11.50  23.30  17.60  29.10  21.50  15.46  0.0000
16-JUN-1977 00 /  918:  113.9  3.000  65.20  10.90  22.70  17.30  28.20  20.70  10.99  0.0000
16-JUL-1977 00 /  919:  145.8  2.800  71.00  10.80  22.00  16.60  27.40  20.70  12.53  0.0000
16-AUG-1977 00 /  920:  151.7  2.800  76.50  10.60  22.30  17.00  27.60  21.10  12.64  0.0000
16-SEP-1977 00 /  921:  127.5  3.300  66.50  11.90  22.70  16.80  28.70  21.20  15.04  0.0000
16-OCT-1977 00 /  922:  178.9  3.100  72.90  12.00  22.80  16.80  28.80  20.90  19.75  0.0000
16-NOV-1977 00 /  923:  152.5  3.000  70.70  11.40  22.40  16.70  28.10  20.40  19.02  0.0000
16-DEC-1977 00 /  924:   42.4  3.000  71.50  12.00  22.90  16.90  28.90  20.70  11.38  0.0000
16-JAN-1978 00 /  925:   18.1  3.500  61.60  13.60  23.40  16.60  30.20  19.90   5.42  0.0000
15-FEB-1978 00 /  926:  100.3  3.700  61.20  13.70  24.10  17.30  31.00  20.10  14.70  0.0000
16-MAR-1978 00 /  927:   88.5  3.400  73.00  12.10  23.30  17.30  29.40  20.30  14.90  0.0000
16-APR-1978 00 /  928:  118.9  3.200  74.10  11.40  23.60  17.90  29.30  21.10  17.97  0.0000
16-MAY-1978 00 /  929:   59.5  3.200  66.10  11.50  23.40  17.70  29.20  22.20  12.91  0.0000
16-JUN-1978 00 /  930:   95.2  3.000  67.20  11.10  22.80  17.30  28.40  21.20  10.23  0.0000
16-JUL-1978 00 /  931:  116.7  2.800  71.00  11.20  22.00  16.40  27.60  20.80  11.37  0.0000
16-AUG-1978 00 /  932:  151.6  2.800  77.80  10.60  22.20  16.90  27.50  21.00  12.38  0.0000
16-SEP-1978 00 /  933:  140.8  3.100  73.70  11.30  22.40  16.80  28.10  20.80  15.74  0.0000
16-OCT-1978 00 /  934:  174.3  3.100  72.80  11.50  22.70  17.00  28.50  21.10  19.75  0.0000
16-NOV-1978 00 /  935:  106.4  3.100  71.00  11.90  22.90  17.00  28.90  20.70  16.13  0.0000
16-DEC-1978 00 /  936:   44.6  3.100  69.70  11.80  22.80  16.90  28.70  19.90  11.27  0.0000
16-JAN-1979 00 /  937:  130.3  3.400  63.80  13.10  23.60  17.10  30.20  20.60  16.78  0.0000
15-FEB-1979 00 /  938:  106.8  3.600  64.20  12.90  23.20  16.80  29.70  19.20  15.34  0.0000
16-MAR-1979 00 /  939:   56.6  3.600  67.80  13.20  23.50  16.90  30.10  20.10  12.06  0.0000
16-APR-1979 00 /  940:  130.3  3.300  70.00  11.90  23.50  17.60  29.50  21.60  18.73  0.0000
16-MAY-1979 00 /  941:  115.2  3.200  65.00  11.30  23.00  17.40  28.70  21.20  17.42  0.0000
16-JUN-1979 00 /  942:   87.2  3.000  65.50  10.80  22.30  16.90  27.70  20.50   9.76  0.0000
16-JUL-1979 00 /  943:   46.7  2.900  68.40  11.20  22.00  16.40  27.60  20.20   7.37  0.0000
16-AUG-1979 00 /  944:  108.7  2.900  75.40  10.80  22.40  17.00  27.80  20.80  10.97  0.0000
16-SEP-1979 00 /  945:   86.4  3.400  63.00  12.40  22.50  16.30  28.70  20.60  12.39  0.0000
16-OCT-1979 00 /  946:  126.8  3.200  69.60  12.20  22.70  16.60  28.80  21.00  16.96  0.0000
16-NOV-1979 00 /  947:   71.9  3.100  70.40  12.00  23.00  17.00  29.00  20.80  13.34  0.0000
16-DEC-1979 00 /  948:   68.4  3.100  69.20  12.00  22.80  16.80  28.80  19.90  14.25  0.0000
16-JAN-1980 00 /  949:   18.9  3.500  61.30  13.20  23.40  16.80  30.00  19.90   6.15  0.0000
15-FEB-1980 00 /  950:   49.8  3.800  61.40  13.40  24.30  17.60  31.00  20.00   9.12  0.0000
16-MAR-1980 00 /  951:   55.4  3.500  70.40  12.60  24.10  17.80  30.40  21.70  11.88  0.0000
16-APR-1980 00 /  952:   99.0  3.200  74.20  11.30  24.00  18.40  29.70  22.60  16.47  0.0000
16-MAY-1980 00 /  953:  169.7  2.900  73.50  10.40  23.00  17.80  28.20  21.60  20.70  0.0000
16-JUN-1980 00 /  954:  103.7  2.800  72.10  10.40  22.70  17.50  27.90  21.30  10.43  0.0000
16-JUL-1980 00 /  955:   50.3  2.800  70.60  10.60  22.00  16.70  27.30  20.80   7.41  0.0000
16-AUG-1980 00 /  956:  105.1  2.800  76.10  10.50  22.10  16.90  27.40  20.80  10.78  0.0000
16-SEP-1980 00 /  957:  124.5  3.200  69.80  11.50  22.70  17.00  28.50  21.10  14.93  0.0000
16-OCT-1980 00 /  958:  117.7  3.300  67.80  12.30  22.80  16.70  29.00  21.00  16.35  0.0000
16-NOV-1980 00 /  959:  167.8  3.000  72.60  11.80  22.80  16.90  28.70  20.90  20.11  0.0000
16-DEC-1980 00 /  960:   42.8  3.100  67.70  12.40  22.50  16.30  28.70  19.70  11.28  0.0000
16-JAN-1981 00 /  961:   40.3  3.500  61.10  13.50  23.40  16.70  30.20  19.80   9.50  0.0000
15-FEB-1981 00 /  962:   27.3  3.800  58.80  13.90  23.80  16.90  30.80  19.20   7.23  0.0000
16-MAR-1981 00 /  963:  125.1  3.200  79.60  11.70  23.80  18.00  29.70  21.00  17.27  0.0000
16-APR-1981 00 /  964:   96.4  3.300  68.80  11.50  23.70  18.00  29.50  22.10  16.19  0.0000
16-MAY-1981 00 /  965:  106.7  3.100  67.80  11.20  23.40  17.80  29.00  22.00  16.82  0.0000
16-JUN-1981 00 /  966:   60.5  3.100  63.20  11.30  22.90  17.30  28.60  21.20   8.15  0.0000
16-JUL-1981 00 /  967:  108.0  2.800  72.70  10.30  22.00  16.90  27.20  20.80  10.77  0.0000
16-AUG-1981 00 /  968:  136.6  2.900  76.10  10.40  22.40  17.20  27.60  21.00  12.25  0.0000
16-SEP-1981 00 /  969:  134.2  3.100  70.90  11.40  22.60  16.90  28.30  21.30  15.33  0.0000
16-OCT-1981 00 /  970:  144.7  3.300  67.10  12.30  23.00  16.90  29.20  21.20  17.83  0.0000
16-NOV-1981 00 /  971:   89.3  3.300  65.00  12.60  23.30  17.00  29.60  20.90  14.92  0.0000
16-DEC-1981 00 /  972:   63.1  3.300  61.90  12.90  23.30  16.90  29.80  20.20  13.60  0.0000
16-JAN-1982 00 /  973:   83.2  3.400  66.50  12.70  23.60  17.30  30.00  20.60  13.53  0.0000
15-FEB-1982 00 /  974:   52.5  3.800  59.20  13.80  23.70  16.80  30.60  19.20  11.01  0.0000
16-MAR-1982 00 /  975:  102.4  3.700  67.40  13.20  24.60  18.00  31.20  21.60  16.04  0.0000
16-APR-1982 00 /  976:  166.6  3.200  71.80  11.30  23.80  18.20  29.50  22.10  21.09  0.0000
16-MAY-1982 00 /  977:  141.1  3.100  69.70  10.90  23.30  17.90  28.80  21.90  18.97  0.0000
16-JUN-1982 00 /  978:  113.7  3.000  68.10  10.50  23.00  17.80  28.30  21.60  10.75  0.0000
16-JUL-1982 00 /  979:  113.4  2.900  70.10  10.80  22.40  17.00  27.80  21.00  11.05  0.0000
16-AUG-1982 00 /  980:   92.9  2.900  75.10  10.40  22.40  17.20  27.60  21.20   9.90  0.0000
16-SEP-1982 00 /  981:  131.0  3.300  67.40  11.90  22.90  17.00  28.90  21.40  14.82  0.0000
16-OCT-1982 00 /  982:  197.3  3.000  76.10  11.00  22.60  17.10  28.10  21.30  20.58  0.0000
16-NOV-1982 00 /  983:  159.1  3.000  71.00  11.20  22.70  17.10  28.30  20.80  19.28  0.0000
16-DEC-1982 00 /  984:   73.8  3.100  66.90  12.30  22.80  16.70  29.00  20.20  14.84  0.0000
16-JAN-1983 00 /  985:   12.9  3.300  66.30  13.50  22.50  15.80  29.30  19.10   4.44  0.0000
15-FEB-1983 00 /  986:    8.3  3.800  59.90  14.20  24.30  17.20  31.40  20.30   4.31  0.0000
16-MAR-1983 00 /  987:   50.3  3.600  70.50  13.20  24.70  18.10  31.30  21.90  11.48  0.0000
16-APR-1983 00 /  988:   98.9  3.100  77.40  11.50  24.20  18.50  30.00  22.90  16.40  0.0000
16-MAY-1983 00 /  989:   84.3  3.100  68.80  11.40  24.00  18.30  29.70  23.00  14.95  0.0000
16-JUN-1983 00 /  990:  133.5  2.900  71.90  10.50  23.40  18.20  28.70  22.00  12.00  0.0000
16-JUL-1983 00 /  991:  107.3  2.800  73.20  10.70  22.70  17.40  28.10  21.70  10.85  0.0000
16-AUG-1983 00 /  992:  144.4  2.700  81.70   9.70  22.60  17.80  27.50  21.80  12.41  0.0000
16-SEP-1983 00 /  993:  171.8  3.100  72.30  11.40  22.60  16.90  28.30  21.60  17.11  0.0000
16-OCT-1983 00 /  994:  189.9  2.900  80.70  10.70  22.80  17.50  28.20  21.60  20.57  0.0000
16-NOV-1983 00 /  995:  124.0  3.100  72.00  11.90  23.30  17.40  29.30  21.50  17.04  0.0000
16-DEC-1983 00 /  996:   50.2  3.000  72.10  12.70  22.60  16.30  29.00  19.70  11.45  0.0000
16-JAN-1984 00 /  997:    8.4  3.400  59.40  13.50  22.30  15.60  29.10  18.90   4.40  0.0000
15-FEB-1984 00 /  998:   65.8  3.800  57.60  14.10  23.90  16.90  31.00  19.50  12.06  0.0000
16-MAR-1984 00 /  999:   82.2  3.700  66.50  13.30  24.30  17.70  31.00  21.10  14.52  0.0000
16-APR-1984 00 / 1000:  106.7  3.300  69.50  11.60  23.60  17.80  29.40  21.90  16.99  0.0000
16-MAY-1984 00 / 1001:   72.3  3.300  62.50  11.80  23.60  17.70  29.50  22.10  13.36  0.0000
16-JUN-1984 00 / 1002:   62.8  3.100  63.00  11.30  23.00  17.40  28.70  21.20   7.61  0.0000
16-JUL-1984 00 / 1003:  132.7  3.000  67.90  10.90  22.40  17.00  27.90  20.50  11.99  0.0000
16-AUG-1984 00 / 1004:  169.3  3.000  73.50  10.90  22.40  17.00  27.90  20.80  12.51  0.0000
16-SEP-1984 00 / 1005:   94.7  3.400  63.90  12.50  22.60  16.40  28.90  20.90  12.84  0.0000
16-OCT-1984 00 / 1006:  133.0  3.500  61.20  13.00  23.10  16.60  29.60  20.80  17.44  0.0000
16-NOV-1984 00 / 1007:  167.5  3.200  66.90  12.00  22.90  16.90  28.90  20.70  19.83  0.0000
16-DEC-1984 00 / 1008:   61.4  3.300  63.50  12.70  23.10  16.80  29.50  20.50  13.35  0.0000
16-JAN-1985 00 / 1009:   53.0  3.500  63.60  13.20  24.10  17.50  30.70  21.20  11.06  0.0000
15-FEB-1985 00 / 1010:   13.9  3.600  63.20  13.20  23.00  16.40  29.60  18.60   3.80  0.0000
16-MAR-1985 00 / 1011:  131.8  3.500  70.30  12.70  23.80  17.50  30.20  20.60  17.91  0.0000
16-APR-1985 00 / 1012:  159.5  3.000  78.80  10.80  22.70  17.30  28.10  20.70  20.37  0.0000
16-MAY-1985 00 / 1013:  169.4  3.100  68.70  11.10  22.90  17.40  28.50  21.30  20.62  0.0000
16-JUN-1985 00 / 1014:  108.9  3.000  65.40  10.80  22.70  17.30  28.10  20.80  10.71  0.0000
16-JUL-1985 00 / 1015:  110.8  2.900  68.40  11.00  22.00  16.50  27.50  20.30  11.13  0.0000
16-AUG-1985 00 / 1016:  102.9  3.000  73.70  10.80  22.50  17.10  27.90  21.00  10.26  0.0000
16-SEP-1985 00 / 1017:  123.3  3.100  71.10  11.20  22.40  16.80  28.00  21.00  14.17  0.0000
16-OCT-1985 00 / 1018:  102.5  3.200  70.20  11.60  23.00  17.20  28.80  21.00  15.50  0.0000
16-NOV-1985 00 / 1019:  108.1  3.200  67.50  12.00  23.30  17.30  29.30  21.00  16.32  0.0000
16-DEC-1985 00 / 1020:   58.4  3.100  69.60  12.20  23.00  16.90  29.10  19.90  12.45  0.0000
16-JAN-1986 00 / 1021:   33.4  3.600  56.40  13.90  23.10  16.20  30.10  19.40   8.07  0.0000
15-FEB-1986 00 / 1022:   78.8  3.600  65.50  13.10  24.10  17.60  30.70  19.80  12.79  0.0000
16-MAR-1986 00 / 1023:  114.2  3.400  73.80  12.30  23.60  17.50  29.80  20.50  16.81  0.0000
16-APR-1986 00 / 1024:  158.9  3.200  73.00  11.20  23.40  17.80  29.00  21.50  20.28  0.0000
16-MAY-1986 00 / 1025:   91.2  3.200  64.90  11.40  23.50  17.80  29.20  22.00  15.17  0.0000
16-JUN-1986 00 / 1026:  107.4  3.000  65.20  10.80  22.60  17.20  28.00  20.90  10.75  0.0000
16-JUL-1986 00 / 1027:   84.2  2.900  70.00  11.00  22.10  16.60  27.60  20.70   9.80  0.0000
16-AUG-1986 00 / 1028:  112.7  3.200  68.60  11.60  22.90  17.10  28.70  21.10  11.20  0.0000
16-SEP-1986 00 / 1029:  132.5  3.200  68.80  11.50  22.50  16.80  28.30  21.00  15.09  0.0000
16-OCT-1986 00 / 1030:  125.0  3.200  71.90  11.40  23.10  17.40  28.80  21.10  16.78  0.0000
16-NOV-1986 00 / 1031:  173.0  3.200  67.50  11.80  23.40  17.50  29.30  21.10  20.07  0.0000
16-DEC-1986 00 / 1032:   78.8  3.100  68.00  11.90  22.80  16.90  28.80  19.90  14.64  0.0000
16-JAN-1987 00 / 1033:   35.4  3.500  58.90  13.40  23.10  16.40  29.80  19.60   8.50  0.0000
15-FEB-1987 00 / 1034:   69.9  3.800  59.70  13.70  24.10  17.30  31.00  19.70  12.48  0.0000
16-MAR-1987 00 / 1035:  139.8  3.600  68.00  12.70  24.10  17.80  30.50  20.80  18.09  0.0000
16-APR-1987 00 / 1036:  107.3  3.500  64.80  11.80  24.00  18.10  29.90  22.10  17.07  0.0000
16-MAY-1987 00 / 1037:  123.5  3.100  68.90  10.90  23.60  18.20  29.10  21.60  17.94  0.0000
16-JUN-1987 00 / 1038:  147.8  3.000  68.20  10.40  23.10  17.90  28.30  21.50  12.47  0.0000
16-JUL-1987 00 / 1039:   86.3  3.200  63.40  11.70  23.10  17.30  29.00  21.10   9.73  0.0000
16-AUG-1987 00 / 1040:  155.7  3.300  63.70  12.00  23.30  17.30  29.30  21.50  12.83  0.0000
16-SEP-1987 00 / 1041:  143.7  3.600  58.90  13.00  23.40  16.90  29.90  21.50  15.63  0.0000
16-OCT-1987 00 / 1042:  130.8  3.300  68.10  12.30  23.40  17.30  29.60  21.70  17.24  0.0000
16-NOV-1987 00 / 1043:  121.4  3.300  64.30  12.60  23.50  17.20  29.80  21.30  16.63  0.0000
16-DEC-1987 00 / 1044:   46.6  3.600  54.00  12.80  23.80  17.40  30.20  20.60  11.55  0.0000
16-JAN-1988 00 / 1045:   62.7  3.600  60.30  13.70  23.80  17.00  30.70  20.10  11.98  0.0000
15-FEB-1988 00 / 1046:   71.1  3.900  57.60  14.60  24.50  17.20  31.80  20.30  12.19  0.0000
16-MAR-1988 00 / 1047:  106.2  3.700  65.90  13.50  24.70  18.00  31.50  21.80  16.23  0.0000
16-APR-1988 00 / 1048:  115.9  3.400  66.80  12.20  23.70  17.60  29.80  22.00  17.80  0.0000
16-MAY-1988 00 / 1049:  122.9  3.400  59.70  12.40  23.60  17.40  29.80  22.00  17.46  0.0000
16-JUN-1988 00 / 1050:  118.7  3.200  58.50  11.80  23.30  17.40  29.20  21.50  10.97  0.0000
16-JUL-1988 00 / 1051:  120.4  2.800  70.50  11.00  21.90  16.40  27.40  20.70  11.42  0.0000
16-AUG-1988 00 / 1052:  175.1  2.900  76.10  10.40  22.40  17.20  27.60  21.30  13.36  0.0000
16-SEP-1988 00 / 1053:  180.7  3.200  69.60  11.60  22.40  16.60  28.20  21.00  17.65  0.0000
16-OCT-1988 00 / 1054:  148.9  3.200  71.10  12.00  22.80  16.80  28.80  21.30  18.19  0.0000
16-NOV-1988 00 / 1055:   95.7  3.200  66.30  12.40  22.90  16.70  29.10  20.90  14.98  0.0000
16-DEC-1988 00 / 1056:   58.3  3.300  60.90  13.40  22.60  15.90  29.30  19.80  13.28  0.0000
16-JAN-1989 00 / 1057:    8.1  3.300  59.20  12.90  21.60  15.20  28.10  19.00   4.07  0.0000
15-FEB-1989 00 / 1058:   58.0  3.600  61.80  13.40  22.90  16.20  29.60  18.80  11.73  0.0000
16-MAR-1989 00 / 1059:  139.7  3.500  69.30  12.60  23.60  17.30  29.90  20.40  18.26  0.0000
16-APR-1989 00 / 1060:   88.0  3.200  69.60  11.50  23.10  17.40  28.90  21.40  15.78  0.0000
16-MAY-1989 00 / 1061:  102.8  3.100  65.80  11.30  22.70  17.10  28.40  21.00  16.44  0.0000
16-JUN-1989 00 / 1062:   45.7  3.100  61.00  11.10  22.50  17.00  28.10  20.60   7.11  0.0000
16-JUL-1989 00 / 1063:   51.9  2.900  69.30  10.90  22.20  16.80  27.70  20.80   6.96  0.0000
16-AUG-1989 00 / 1064:  122.8  2.900  73.80  10.40  22.40  17.20  27.60  21.20  11.59  0.0000
16-SEP-1989 00 / 1065:  148.1  3.200  67.40  11.40  22.70  17.00  28.40  21.40  16.10  0.0000
16-OCT-1989 00 / 1066:  171.7  3.200  70.80  12.10  23.00  17.00  29.10  21.60  19.33  0.0000
16-NOV-1989 00 / 1067:  115.9  3.200  65.90  12.80  23.20  16.80  29.60  21.20  16.82  0.0000
16-DEC-1989 00 / 1068:  125.5  3.000  73.30  11.30  22.80  17.20  28.50  20.10  18.76  0.0000
16-JAN-1990 00 / 1069:   50.4  3.500  59.20  13.20  22.80  16.20  29.40  19.60  10.68  0.0000
15-FEB-1990 00 / 1070:   69.6  3.500  66.50  12.40  23.70  17.50  29.90  19.80  12.41  0.0000
16-MAR-1990 00 / 1071:  111.6  3.500  69.10  12.30  23.80  17.70  30.00  20.90  16.63  0.0000
16-APR-1990 00 / 1072:  110.8  3.300  72.00  11.50  24.00  18.30  29.80  22.30  17.14  0.0000
16-MAY-1990 00 / 1073:   75.7  3.300  63.70  11.80  24.00  18.10  29.90  22.20  14.44  0.0000
16-JUN-1990 00 / 1074:   68.2  3.200  59.70  11.70  23.60  17.80  29.50  22.00   8.47  0.0000
16-JUL-1990 00 / 1075:   44.0  3.000  68.40  11.40  22.50  16.80  28.20  21.10   6.61  0.0000
16-AUG-1990 00 / 1076:  136.2  3.000  72.10  10.60  22.50  17.20  27.80  21.30  11.93  0.0000
16-SEP-1990 00 / 1077:  160.9  3.200  67.20  11.60  22.80  17.00  28.60  21.60  16.24  0.0000
16-OCT-1990 00 / 1078:  153.0  3.200  69.70  11.70  22.90  17.10  28.80  21.40  18.59  0.0000
16-NOV-1990 00 / 1079:  100.0  3.300  64.50  12.20  23.30  17.20  29.40  21.10  15.63  0.0000
16-DEC-1990 00 / 1080:  132.4  3.200  67.40  11.90  23.30  17.40  29.30  20.60  19.60  0.0000
16-JAN-1991 00 / 1081:   46.4  3.400  61.80  13.70  22.60  15.80  29.50  19.90  10.04  0.0000
15-FEB-1991 00 / 1082:   24.7  3.800  58.50  14.00  24.00  17.00  31.00  19.60   6.97  0.0000
16-MAR-1991 00 / 1083:   74.2  3.600  69.50  13.00  24.20  17.70  30.70  21.00  13.24  0.0000
16-APR-1991 00 / 1084:  116.3  3.300  67.50  12.00  23.60  17.60  29.60  21.90  17.75  0.0000
16-MAY-1991 00 / 1085:  106.2  3.100  68.30  11.70  23.40  17.60  29.30  22.00  16.87  0.0000
16-JUN-1991 00 / 1086:  148.8  3.100  64.50  11.40  23.10  17.40  28.80  21.40  12.65  0.0000
16-JUL-1991 00 / 1087:  112.2  2.800  71.00  11.60  22.10  16.30  27.90  21.10  11.42  0.0000
16-AUG-1991 00 / 1088:  125.6  2.900  73.00  11.40  22.00  16.30  27.70  21.20  11.41  0.0000
16-SEP-1991 00 / 1089:  100.1  3.200  66.60  12.50  22.40  16.20  28.70  21.30  13.39  0.0000
16-OCT-1991 00 / 1090:  198.7  3.100  73.60  12.10  22.70  16.70  28.80  21.30  20.86  0.0000
16-NOV-1991 00 / 1091:   98.3  3.200  67.60  12.80  22.80  16.40  29.20  21.00  15.55  0.0000
16-DEC-1991 00 / 1092:   53.4  3.200  61.40  12.90  22.40  16.00  28.90  20.20  12.12  0.0000
16-JAN-1992 00 / 1093:   30.4  3.700  56.10  14.10  23.40  16.40  30.50  19.50   7.87  0.0000
15-FEB-1992 00 / 1094:   40.0  3.700  62.10  13.80  23.90  17.00  30.80  19.30   8.53  0.0000
16-MAR-1992 00 / 1095:  101.5  3.700  64.50  12.80  24.00  17.60  30.40  20.60  15.70  0.0000
16-APR-1992 00 / 1096:  123.7  3.300  70.30  11.00  23.80  18.30  29.30  21.60  18.16  0.0000
16-MAY-1992 00 / 1097:   91.0  3.200  65.80  11.30  23.40  17.80  29.10  21.50  15.13  0.0000
16-JUN-1992 00 / 1098:  160.1  2.900  72.30  10.20  22.90  17.80  28.00  21.00  12.98  0.0000
16-JUL-1992 00 / 1099:   86.1  2.900  70.40  10.40  22.10  16.90  27.30  20.50   9.79  0.0000
16-AUG-1992 00 / 1100:  107.0  2.800  79.80  10.70  22.10  16.80  27.50  20.80  10.49  0.0000
16-SEP-1992 00 / 1101:  115.0  3.100  71.90  11.20  22.50  16.90  28.10  20.80  14.22  0.0000
16-OCT-1992 00 / 1102:  175.7  3.000  77.80  11.80  22.70  16.80  28.60  21.00  19.39  0.0000
16-NOV-1992 00 / 1103:  102.9  3.200  65.20  12.00  22.80  16.80  28.80  20.70  16.02  0.0000
16-DEC-1992 00 / 1104:   89.4  3.200  62.80  12.40  22.70  16.50  28.90  19.80  16.35  0.0000
16-JAN-1993 00 / 1105:   55.4  3.500  57.30  13.40  22.70  16.00  29.40  19.50  10.12  0.0000
15-FEB-1993 00 / 1106:   86.7  3.700  58.50  13.50  23.40  16.70  30.20  19.30  13.31  0.0000
16-MAR-1993 00 / 1107:   97.4  3.600  63.50  12.80  23.60  17.20  30.00  20.60  15.65  0.0000
16-APR-1993 00 / 1108:  107.9  3.400  62.80  11.60  23.40  17.60  29.20  21.70  16.98  0.0000
16-MAY-1993 00 / 1109:  192.7  3.200  64.80  11.40  22.90  17.20  28.60  21.20  21.91  0.0000
16-JUN-1993 00 / 1110:  132.8  3.200  63.70  11.10  23.70  18.20  29.30  21.30  12.06  0.0000
16-JUL-1993 00 / 1111:   33.5  3.000  67.70  11.10  22.90  17.40  28.50  20.90   5.01  0.0000
16-AUG-1993 00 / 1112:  160.9  3.200  71.60  10.80  23.60  18.20  29.00  21.40  13.11  0.0000
16-SEP-1993 00 / 1113:  116.3  3.200  66.60  11.70  22.50  16.70  28.40  21.50  14.43  0.0000
16-OCT-1993 00 / 1114:  119.4  3.200  67.50  11.80  22.30  16.40  28.20  20.50  16.54  0.0000
16-NOV-1993 00 / 1115:  108.1  3.700  63.00  12.00  25.80  19.80  31.80  21.70  16.25  0.0000
16-DEC-1993 00 / 1116:   85.3  3.200  63.50  12.40  22.80  16.60  29.00  20.60  15.93  0.0000
16-JAN-1994 00 / 1117:   77.5  3.500  56.30  13.40  22.70  16.00  29.40  20.20  12.76  0.0000
15-FEB-1994 00 / 1118:   27.9  3.700  57.20  13.50  23.50  16.80  30.30  20.00   6.89  0.0000
16-MAR-1994 00 / 1119:  103.3  3.300  71.40  12.70  23.20  16.90  29.60  21.70  16.02  0.0000
16-APR-1994 00 / 1120:  157.8  3.200  68.20  11.60  23.30  17.50  29.10  22.60  19.83  0.0000
16-MAY-1994 00 / 1121:  190.8  3.200  67.70  11.50  23.70  18.00  29.50  21.50  21.94  0.0000
16-JUN-1994 00 / 1122:   97.1  3.000  65.60  11.00  22.80  17.30  28.30  21.00  10.25  0.0000
16-JUL-1994 00 / 1123:   91.9  2.800  71.00  11.10  21.70  16.20  27.30  20.30  10.35  0.0000
16-AUG-1994 00 / 1124:  174.8  2.900  75.50  10.80  22.40  17.00  27.80  20.60  13.62  0.0000
16-SEP-1994 00 / 1125:   90.4  3.400  64.80  11.80  22.80  16.90  28.70  20.60  12.36  0.0000
16-OCT-1994 00 / 1126:  157.0  3.300  66.60  11.80  22.80  16.90  28.70  20.60  18.99  0.0000
16-NOV-1994 00 / 1127:  153.6  3.100  71.90  12.00  22.80  16.80  28.80  20.40  19.15  0.0000
16-DEC-1994 00 / 1128:   60.8  3.200  65.20  12.70  22.80  16.50  29.20  19.60  13.49  0.0000
16-JAN-1995 00 / 1129:   30.4  3.600  56.00  13.80  22.80  15.90  29.70  19.40   7.97  0.0000
15-FEB-1995 00 / 1130:   28.3  3.800  58.60  13.80  23.70  16.80  30.60  19.20   7.38  0.0000
16-MAR-1995 00 / 1131:   98.3  3.600  70.20  13.30  24.10  17.50  30.80  20.70  15.09  0.0000
16-APR-1995 00 / 1132:  146.5  3.400  66.90  12.10  24.20  18.20  30.30  22.30  19.64  0.0000
16-MAY-1995 00 / 1133:  147.7  3.200  65.50  11.30  23.40  17.80  29.10  22.40  18.67  0.0000
16-JUN-1995 00 / 1134:  145.0  2.900  71.50  11.00  23.30  17.80  28.80  21.80  11.90  0.0000
16-JUL-1995 00 / 1135:   72.0  2.800  73.20  10.90  22.10  16.70  27.60  21.40   8.58  0.0000
16-AUG-1995 00 / 1136:   81.8  3.100  74.00  10.60  23.50  18.20  28.80  21.40   9.41  0.0000
16-SEP-1995 00 / 1137:  135.4  3.200  72.30  11.90  22.90  17.00  28.90  21.40  15.41  0.0000
16-OCT-1995 00 / 1138:  140.6  3.200  72.30  12.20  23.00  16.90  29.10  21.50  17.35  0.0000
16-NOV-1995 00 / 1139:  104.2  3.300  69.40  12.80  24.20  17.80  30.60  21.40  15.73  0.0000
16-DEC-1995 00 / 1140:   59.2  3.200  64.50  12.40  23.00  16.80  29.20  20.30  13.28  0.0000
16-JAN-1996 00 / 1141:  112.3  3.500  61.30  13.50  23.40  16.70  30.20  19.90  16.08  0.0000
15-FEB-1996 00 / 1142:   72.0  3.700  61.30  14.20  23.90  16.80  31.00  19.70  13.20  0.0000
16-MAR-1996 00 / 1143:  121.8  3.500  68.60  13.20  23.70  17.10  30.30  21.00  17.19  0.0000
16-APR-1996 00 / 1144:   87.1  3.100  72.30  11.60  23.30  17.50  29.10  22.00  14.66  0.0000
16-MAY-1996 00 / 1145:  115.4  3.200  63.20  11.50  23.30  17.60  29.10  22.30  17.05  0.0000
16-JUN-1996 00 / 1146:  110.8  3.000  68.50  11.70  22.90  17.10  28.80  21.60  10.28  0.0000
16-JUL-1996 00 / 1147:   75.9  2.800  77.20  11.00  22.50  17.00  28.00  20.70   9.24  0.0000
16-AUG-1996 00 / 1148:  152.7  3.000  71.70  11.60  22.30  16.50  28.10  20.90  11.93  0.0000
16-SEP-1996 00 / 1149:  134.1  3.200  70.10  12.40  22.50  16.30  28.70  21.00  15.41  0.0000
16-OCT-1996 00 / 1150:  199.2  3.200  71.30  11.80  22.80  16.90  28.70  21.00  20.82  0.0000
16-NOV-1996 00 / 1151:  122.9  3.200  68.80  12.00  23.20  17.20  29.20  20.80  16.29  0.0000
16-DEC-1996 00 / 1152:   54.3  3.200  64.30  12.50  22.70  16.50  29.00  19.90  12.41  0.0000
16-JAN-1997 00 / 1153:  117.3  3.500  61.30  13.50  23.40  16.70  30.20  19.60  16.59  0.0000
15-FEB-1997 00 / 1154:    0.6  3.700  61.30  13.50  23.90  17.20  30.70  19.40   0.18  0.0000
16-MAR-1997 00 / 1155:   90.7  3.700  66.10  12.80  24.30  17.90  30.70  20.80  15.06  0.0000
16-APR-1997 00 / 1156:  157.9  3.200  71.30  11.50  23.50  17.80  29.30  21.70  20.49  0.0000
16-MAY-1997 00 / 1157:  117.0  2.900  77.00  11.40  23.50  17.80  29.20  21.70  17.57  0.0000
16-JUN-1997 00 / 1158:  101.7  3.100  63.90  11.10  23.20  17.70  28.80  21.10  10.58  0.0000
16-JUL-1997 00 / 1159:   93.6  2.800  74.00  11.10  22.30  16.80  27.90  20.70  10.48  0.0000
16-AUG-1997 00 / 1160:   89.0  3.000  70.30  10.80  21.90  16.50  27.30  20.90   9.69  0.0000
16-SEP-1997 00 / 1161:   63.0  3.400  63.70  11.70  23.00  17.20  28.90  21.00  10.67  0.0000
16-OCT-1997 00 / 1162:  148.9  3.200  72.30  11.80  23.10  17.20  29.00  21.10  18.41  0.0000
16-NOV-1997 00 / 1163:  178.6  3.200  68.80  12.70  23.20  16.90  29.60  20.80  20.30  0.0000
16-DEC-1997 00 / 1164:  143.1  3.000  75.00  13.00  22.90  16.40  29.40  19.90  19.93  0.0000
16-JAN-1998 00 / 1165:  115.2  3.500  61.30  14.10  23.30  16.30  30.40  19.60  16.35  0.0000
15-FEB-1998 00 / 1166:   56.1  3.800  62.90  14.30  24.20  17.10  31.40  19.40  11.39  0.0000
16-MAR-1998 00 / 1167:  111.0  3.800  65.10  12.70  24.90  18.60  31.30  21.10  16.61  0.0000
16-APR-1998 00 / 1168:  109.7  3.200  71.30  11.50  23.70  18.00  29.50  22.10  17.51  0.0000
16-MAY-1998 00 / 1169:  137.2  3.000  69.40  11.40  23.10  17.40  28.80  22.20  19.18  0.0000
16-JUN-1998 00 / 1170:   84.0  3.200  55.00  11.00  22.90  17.40  28.40  21.60   9.72  0.0000
16-JUL-1998 00 / 1171:   84.7  2.800  73.30  11.10  22.30  16.80  27.90  21.10   9.67  0.0000
16-AUG-1998 00 / 1172:   82.8  3.000  70.20  10.00  22.30  17.30  27.30  21.40   9.21  0.0000
16-SEP-1998 00 / 1173:  108.6  3.200  71.40  11.80  22.80  16.90  28.70  21.40  13.91  0.0000
16-OCT-1998 00 / 1174:  185.1  3.200  71.30  11.20  23.10  17.50  28.70  21.50  20.34  0.0000
16-NOV-1998 00 / 1175:   83.4  3.200  68.80  12.50  23.50  17.30  29.80  20.80  14.43  0.0000
16-DEC-1998 00 / 1176:   29.8  3.300  68.10  13.40  24.00  17.30  30.70  19.80   9.07  0.0000
16-JAN-1999 00 / 1177:   63.9  3.500  61.30  13.20  23.30  16.70  29.90  19.80  10.86  0.0000
15-FEB-1999 00 / 1178:   25.5  4.000  61.30  13.90  25.50  18.60  32.50  19.60   7.63  0.0000
16-MAR-1999 00 / 1179:  123.5  3.300  77.40  12.70  24.00  17.70  30.40  20.90  17.21  0.0000
16-APR-1999 00 / 1180:   74.9  3.300  72.80  12.10  23.90  17.90  30.00  21.90  14.31  0.0000
16-MAY-1999 00 / 1181:   92.0  3.300  61.10  11.80  23.30  17.40  29.20  21.80  15.26  0.0000
16-JUN-1999 00 / 1182:   55.3  3.300  55.50  11.60  22.90  17.10  28.70  21.30   7.33  0.0000
16-JUL-1999 00 / 1183:   38.9  3.000  66.80  11.50  22.20  16.50  28.00  20.80   5.69  0.0000
16-AUG-1999 00 / 1184:  182.5  2.700  85.20  10.80  22.40  17.00  27.80  20.90  14.01  0.0000
16-SEP-1999 00 / 1185:  127.3  3.200  68.50  12.10  22.70  16.70  28.80  21.10  14.98  0.0000
16-OCT-1999 00 / 1186:  182.2  3.200  64.80  11.20  22.30  16.70  27.90  21.50  20.19  0.0000
16-NOV-1999 00 / 1187:  116.2  3.200  68.80  12.10  23.20  17.20  29.30  20.90  16.70  0.0000
16-DEC-1999 00 / 1188:   61.6  3.100  69.60  12.30  23.00  16.90  29.20  20.00  13.82  0.0000
16-JAN-2000 00 / 1189:   28.7  3.500  61.30  13.80  23.30  16.40  30.20  19.50   7.79  0.0000
15-FEB-2000 00 / 1190:   32.0  3.800  62.10  13.90  24.10  17.20  31.10  19.40   7.74  0.0000
16-MAR-2000 00 / 1191:   68.6  3.600  70.40  13.10  24.20  17.70  30.80  20.50  12.96  0.0000
16-APR-2000 00 / 1192:  110.5  3.400  71.30  12.00  24.50  18.50  30.50  21.90  17.30  0.0000
16-MAY-2000 00 / 1193:   97.6  3.300  66.30  11.90  24.70  18.80  30.70  22.50  16.17  0.0000
16-JUN-2000 00 / 1194:   69.7  3.200  60.20  11.50  23.20  17.50  29.00  21.90   8.95  0.0000
16-JUL-2000 00 / 1195:   63.8  3.400  54.50  10.90  23.30  17.90  28.80  21.20   8.03  0.0000
16-AUG-2000 00 / 1196:  120.8  3.100  72.90  11.10  23.80  18.30  29.40  21.70  11.68  0.0000
16-SEP-2000 00 / 1197:  108.7  3.200  70.50  12.50  22.70  16.50  29.00  21.50  13.97  0.0000
16-OCT-2000 00 / 1198:  171.8  3.100  72.20  12.10  22.90  16.90  29.00  22.00  19.34  0.0000
16-NOV-2000 00 / 1199:  123.0  3.300  68.80  12.60  24.30  18.00  30.60  21.40  17.10  0.0000
16-DEC-2000 00 / 1200:   62.6  3.100  66.30  12.40  22.90  16.70  29.10  20.70  13.11  0.0000
16-JAN-2001 00 / 1201:   81.6  3.700  61.30  13.70  24.50  17.70  31.40  19.90  12.23  0.0000
15-FEB-2001 00 / 1202:   60.2  3.900  61.30  13.50  25.60  18.90  32.40  20.30  11.27  0.0000
16-MAR-2001 00 / 1203:  111.9  3.700  68.10  12.30  25.00  18.90  31.20  21.40  16.54  0.0000
16-APR-2001 00 / 1204:  124.1  3.400  71.30  11.70  24.90  19.10  30.80  22.60  18.20  0.0000
16-MAY-2001 00 / 1205:   97.5  3.300  66.10  11.50  24.80  19.10  30.60  22.70  15.68  0.0000
16-JUN-2001 00 / 1206:   71.7  3.200  60.70  10.80  23.40  18.00  28.80  21.50   7.93  0.0000
16-JUL-2001 00 / 1207:  145.3  2.900  76.30  10.90  23.20  17.80  28.70  21.40  12.57  0.0000
16-AUG-2001 00 / 1208:  157.6  3.000  75.00  10.80  23.40  18.00  28.80  21.70  13.00  0.0000
16-SEP-2001 00 / 1209:  153.8  3.200  72.60  12.00  23.40  17.40  29.40  21.60  16.27  0.0000
16-OCT-2001 00 / 1210:  157.4  3.300  71.30  11.80  24.10  18.20  30.00  22.00  18.65  0.0000
16-NOV-2001 00 / 1211:  152.9  3.300  68.80  12.40  24.30  18.10  30.50  21.50  18.57  0.0000
16-DEC-2001 00 / 1212:   65.1  3.100  72.00  13.30  23.00  16.40  29.70  20.20  13.27  0.0000
16-JAN-2002 00 / 1213:   71.4  3.600  61.30  13.40  24.30  17.60  31.00  20.10  11.66  0.0000
15-FEB-2002 00 / 1214:   65.5  4.000  62.70  13.50  26.00  19.30  32.80  20.50  11.71  0.0000
16-MAR-2002 00 / 1215:  113.9  3.700  69.00  12.70  25.00  18.70  31.40  21.30  16.65  0.0000
16-APR-2002 00 / 1216:  129.6  3.400  71.30  11.50  25.20  19.50  31.00  22.60  18.70  0.0000
16-MAY-2002 00 / 1217:  136.2  3.400  65.10  11.40  24.80  19.10  30.50  22.80  18.58  0.0000
16-JUN-2002 00 / 1218:   75.9  3.200  65.00  11.00  24.10  18.60  29.60  22.00   8.75  0.0000
16-JUL-2002 00 / 1219:   65.4  3.100  70.00  11.10  24.20  18.70  29.80  21.80   7.68  0.0000
16-AUG-2002 00 / 1220:  123.0  3.100  75.00  11.10  24.00  18.50  29.60  21.80  11.54  0.0000
16-SEP-2002 00 / 1221:  111.4  3.500  68.80  12.50  24.40  18.20  30.70  21.80  13.78  0.0000
16-OCT-2002 00 / 1222:  146.8  3.300  71.30  12.10  23.40  17.40  29.50  21.10  18.09  0.0000
16-NOV-2002 00 / 1223:  129.1  3.300  68.80  11.30  24.20  18.60  29.90  21.90  17.44  0.0000
16-DEC-2002 00 / 1224:   73.3  3.300  66.30  12.40  24.10  17.90  30.30  20.50  14.02  0.0000
16-JAN-2003 00 / 1225:   48.6  3.600  59.90  13.40  24.40  17.70  31.10  20.60   9.84  0.0000
15-FEB-2003 00 / 1226:   58.9  3.800  61.30  13.50  24.60  17.90  31.40  20.30  11.13  0.0000
16-MAR-2003 00 / 1227:  111.1  3.700  68.90  12.60  25.30  19.00  31.60  21.70  16.50  0.0000
16-APR-2003 00 / 1228:  131.5  3.400  71.10  10.90  25.20  19.80  30.70  22.90  18.84  0.0000
16-MAY-2003 00 / 1229:  103.9  3.300  66.20  11.00  24.90  19.40  30.40  22.80  16.38  0.0000
16-JUN-2003 00 / 1230:   86.1  3.200  64.60  10.70  23.80  18.50  29.20  21.80   9.01  0.0000
16-JUL-2003 00 / 1231:   78.8  3.100  68.70  11.00  23.70  18.20  29.20  21.40   8.89  0.0000
16-AUG-2003 00 / 1232:  153.4  2.900  75.00  10.80  22.60  17.20  28.00  21.70  12.94  0.0000
16-SEP-2003 00 / 1233:  195.6  3.200  69.90  10.60  23.70  18.40  29.00  22.50  17.78  0.0000
16-OCT-2003 00 / 1234:  177.2  3.200  71.30  11.90  23.40  17.50  29.40  22.00  19.56  0.0000
16-NOV-2003 00 / 1235:  109.9  3.300  68.30  11.70  24.40  18.60  30.30  22.00  16.11  0.0000
16-DEC-2003 00 / 1236:   59.9  3.600  63.70  13.10  25.60  19.10  32.20  20.90  12.78  0.0000
16-JAN-2004 00 / 1237:   71.5  3.700  61.10  12.90  25.20  18.80  31.70  21.00  11.66  0.0000
15-FEB-2004 00 / 1238:   59.6  4.100  58.60  14.10  25.70  18.70  32.80  20.10  11.20  0.0000
16-MAR-2004 00 / 1239:   96.4  3.600  70.00  12.70  24.60  18.30  31.00  21.60  15.40  0.0000
16-APR-2004 00 / 1240:  116.6  3.200  71.80  10.50  24.00  18.80  29.30  22.30  17.74  0.0000
16-MAY-2004 00 / 1241:   99.8  3.300  65.90  11.00  24.60  19.10  30.10  22.60  16.01  0.0000
16-JUN-2004 00 / 1242:   69.0  3.200  64.40  10.80  24.10  18.70  29.50  22.10   7.06  0.0000
16-JUL-2004 00 / 1243:   79.5  3.100  68.10  11.30  23.70  18.10  29.40  21.50   9.56  0.0000
16-AUG-2004 00 / 1244:  138.0  3.100  73.10  11.30  23.70  18.10  29.40  21.70  12.00  0.0000
16-SEP-2004 00 / 1245:  137.0  3.300  67.90  11.80  23.10  17.20  29.00  21.40  15.30  0.0000
16-OCT-2004 00 / 1246:  140.4  3.300  70.40  11.90  23.80  17.90  29.80  21.60  17.71  0.0000
16-NOV-2004 00 / 1247:  119.0  3.300  68.00  11.80  24.00  18.10  29.90  21.40  16.76  0.0000
16-DEC-2004 00 / 1248:   67.4  3.300  65.50  12.20  23.70  17.60  29.80  20.30  13.47  0.0000
16-JAN-2005 00 / 1249:   66.6  3.500  59.10  13.80  23.00  16.10  29.90  19.40  11.37  0.0000
15-FEB-2005 00 / 1250:   60.1  4.200  58.80  14.10  26.60  19.60  33.70  20.10  11.22  0.0000
16-MAR-2005 00 / 1251:  110.0  3.700  70.40  11.90  25.90  20.00  31.90  21.90  16.38  0.0000
16-APR-2005 00 / 1252:  104.3  3.700  68.80  12.10  26.10  20.10  32.20  22.70  16.58  0.0000
16-MAY-2005 00 / 1253:  105.9  3.200  66.50  10.80  24.00  18.60  29.40  22.20  16.52  0.0000
16-JUN-2005 00 / 1254:   76.2  3.200  64.60  10.70  23.90  18.60  29.30  22.00   8.86  0.0000
16-JUL-2005 00 / 1255:   65.3  3.000  69.20  10.80  22.70  17.30  28.10  21.10   7.49  0.0000
16-AUG-2005 00 / 1256:  156.6  3.000  74.00  10.80  23.30  17.90  28.70  21.40  13.09  0.0000
16-SEP-2005 00 / 1257:  149.8  3.400  67.90  11.70  23.80  18.00  29.70  22.00  16.12  0.0000
16-OCT-2005 00 / 1258:  142.6  3.200  70.60  11.90  23.30  17.40  29.30  21.60  17.79  0.0000
16-NOV-2005 00 / 1259:  103.0  3.400  66.60  12.80  25.00  18.60  31.40  22.50  15.47  0.0000
16-DEC-2005 00 / 1260:   55.1  3.700  61.40  14.10  25.60  18.60  32.70  20.70  12.12  0.0000
16-JAN-2006 00 / 1261:   54.6  3.700  60.50  13.50  24.90  18.20  31.70  20.30  10.31  0.0000
15-FEB-2006 00 / 1262:   64.0  4.000  59.70  13.80  25.80  18.90  32.70  20.40  11.62  0.0000
16-MAR-2006 00 / 1263:  105.6  3.700  70.60  11.80  25.50  19.60  31.40  21.60  16.09  0.0000
16-APR-2006 00 / 1264:  124.4  3.400  70.30  11.40  24.90  19.20  30.60  22.90  18.34  0.0000
16-MAY-2006 00 / 1265:  123.2  3.200  66.30  11.30  23.40  17.80  29.10  21.70  17.70  0.0000
16-JUN-2006 00 / 1266:   84.4  3.100  63.70  11.30  23.30  17.70  29.00  21.40   9.40  0.0000
16-JUL-2006 00 / 1267:   92.0  3.100  68.10  11.30  23.60  18.00  29.30  21.70   9.90  0.0000
16-AUG-2006 00 / 1268:  132.5  2.800  83.40  10.70  23.60  18.30  29.00  22.00  12.04  0.0000
16-SEP-2006 00 / 1269:  123.6  3.200  68.20  11.80  22.70  16.80  28.60  21.40  14.59  0.0000
16-OCT-2006 00 / 1270:  148.0  3.300  70.20  12.20  24.20  18.10  30.30  22.30  18.10  0.0000
16-NOV-2006 00 / 1271:  140.0  3.200  68.90  11.70  24.10  18.30  30.00  21.90  17.96  0.0000
16-DEC-2006 00 / 1272:   71.7  3.200  66.00  11.90  23.40  17.50  29.40  20.60  13.70  0.0000
16-JAN-2007 00 / 1273:   55.0  3.600  60.90  13.00  24.50  18.00  31.00  20.60  10.40  0.0000
15-FEB-2007 00 / 1274:   70.0  3.900  60.10  13.50  25.50  18.80  32.30  20.60  12.08  0.0000
16-MAR-2007 00 / 1275:   92.9  3.900  69.70  13.10  26.50  20.00  33.10  21.80  14.88  0.0000
16-APR-2007 00 / 1276:  124.2  3.400  70.80  11.40  25.10  19.40  30.80  23.00  18.23  0.0000
16-MAY-2007 00 / 1277:  124.9  3.400  65.10  11.50  25.20  19.50  31.00  22.90  17.79  0.0000
16-JUN-2007 00 / 1278:   98.0  3.000  65.00  10.90  22.90  17.50  28.40  21.20  10.00  0.0000
16-JUL-2007 00 / 1279:  202.7  2.500  88.30  11.00  22.30  16.80  27.80  20.50  15.61  0.0000
16-AUG-2007 00 / 1280:  138.0  3.000  74.50  10.60  22.90  17.60  28.20  21.40  12.00  0.0000
16-SEP-2007 00 / 1281:  137.0  3.300  68.90  11.50  23.10  17.40  28.90  21.20  15.30  0.0000
16-OCT-2007 00 / 1282:  148.0  3.300  71.00  12.30  23.70  17.60  29.90  21.40  18.10  0.0000
16-NOV-2007 00 / 1283:  125.0  3.200  67.60  12.20  23.30  17.20  29.40  20.50  17.10  0.0000
16-DEC-2007 00 / 1284:   65.0  3.400  65.20  12.50  24.80  18.60  31.10  21.00  13.10  0.0000
16-JAN-2008 00 / 1285:   55.0  3.800  61.40  12.90  26.00  19.60  32.50  20.90  10.40  0.0000
15-FEB-2008 00 / 1286:   64.0  3.900  60.60  13.40  25.50  18.80  32.20  20.80  11.50  0.0000
16-MAR-2008 00 / 1287:  105.0  3.700  69.60  12.40  25.40  19.20  31.60  22.10  15.90  0.0000
16-APR-2008 00 / 1288:  129.0  3.200  71.10  11.80  23.80  17.90  29.70  22.70  18.50  0.0000
16-MAY-2008 00 / 1289:  110.4  3.200  66.10  11.30  23.90  18.30  29.60  22.80  16.81  0.0000
16-JUN-2008 00 / 1290:   98.0  3.100  64.60  10.70  23.30  18.00  28.70  21.90  10.00  0.0000
16-JUL-2008 00 / 1291:   83.1  3.100  68.30  11.40  23.40  17.70  29.10  21.60  10.24  0.0000
16-AUG-2008 00 / 1292:  123.1  3.000  74.60  10.80  23.50  18.10  28.90  22.40  11.47  0.0000
16-SEP-2008 00 / 1293:  137.0  3.300  69.00  11.20  23.90  18.30  29.50  22.40  15.30  0.0000
16-OCT-2008 00 / 1294:  138.8  3.200  71.70  11.10  23.20  17.70  28.80  21.60  17.60  0.0000
16-NOV-2008 00 / 1295:  125.0  3.300  67.80  12.00  24.10  18.10  30.10  21.80  17.10  0.0000
16-DEC-2008 00 / 1296:   65.0  3.100  66.10  12.60  22.80  16.50  29.10  20.70  13.10  0.0000
16-JAN-2009 00 / 1297:   55.0  3.700  61.20  13.30  25.10  18.50  31.80  20.60  10.40  0.0000
15-FEB-2009 00 / 1298:   69.2  3.900  61.10  13.70  25.10  18.30  32.00  20.40  12.02  0.0000
16-MAR-2009 00 / 1299:  105.0  3.700  69.50  12.50  25.20  19.00  31.50  22.00  15.90  0.0000
16-APR-2009 00 / 1300:  129.0  3.400  70.90  11.00  24.80  19.30  30.30  22.60  18.50  0.0000
16-MAY-2009 00 / 1301:  117.0  3.300  66.30  11.40  24.80  19.10  30.50  22.70  17.20  0.0000
16-JUN-2009 00 / 1302:   98.0  3.100  64.80  11.10  23.50  18.00  29.10  22.10  10.00  0.0000
16-JUL-2009 00 / 1303:   92.0  3.200  69.70  11.30  24.40  18.80  30.10  22.20   9.90  0.0000
16-AUG-2009 00 / 1304:  138.0  3.100  74.80  11.00  24.10  18.60  29.60  22.30  12.00  0.0000
16-SEP-2009 00 / 1305:  137.0  3.400  68.90  11.60  24.10  18.30  29.90  22.10  15.30  0.0000
16-OCT-2009 00 / 1306:  148.0  3.400  70.50  11.80  24.30  18.40  30.20  22.20  18.10  0.0000
16-NOV-2009 00 / 1307:  124.3  3.300  68.70  12.00  24.30  18.30  30.30  22.40  17.10  0.0000
16-DEC-2009 00 / 1308:   65.0  3.400  66.30  12.40  25.20  19.00  31.40  21.30  13.10  0.0000
16-JAN-2010 00 / 1309:   63.5  3.500  61.00  13.70  23.50  16.70  30.40  20.80  11.07  0.0000
15-FEB-2010 00 / 1310:   87.2  3.700  61.10  13.70  23.80  17.00  30.70  19.20  11.50  0.0000
16-MAR-2010 00 / 1311:  104.4  3.700  69.80  12.80  25.40  19.00  31.80  22.10  15.90  0.0000
16-APR-2010 00 / 1312:  129.0  3.400  71.30  11.60  25.20  19.40  31.00  23.00  18.50  0.0000
16-MAY-2010 00 / 1313:  117.0  3.300  66.20  11.60  24.50  18.70  30.30  22.90  17.20  0.0000
16-JUN-2010 00 / 1314:   98.0  3.100  64.80  11.10  23.70  18.20  29.30  21.80  10.00  0.0000
16-JUL-2010 00 / 1315:   92.0  3.000  69.60  11.40  23.30  17.60  29.00  21.30   9.90  0.0000
16-AUG-2010 00 / 1316:  138.0  3.000  74.80  11.00  23.50  18.00  29.00  22.10  12.00  0.0000
16-SEP-2010 00 / 1317:  137.0  3.300  68.70  11.80  23.80  17.90  29.70  22.00  15.30  0.0000
16-OCT-2010 00 / 1318:  148.0  3.300  71.10  12.00  24.10  18.10  30.10  22.20  18.10  0.0000
16-NOV-2010 00 / 1319:  125.0  3.300  68.60  12.20  24.40  18.30  30.50  22.00  17.10  0.0000
16-DEC-2010 00 / 1320:   65.0  3.400  66.30  12.50  24.50  18.30  30.80  21.00  13.10  0.0000
