YEAR         X      XX         PRED   PETD   CLDD   DTRD   TMPD   TMND   TMXD   VAPD   WETD    FRSD
16-JAN-1960 00 /  709:   63.6  4.500  56.90  13.00  19.00  12.50  25.50  12.90   8.39  0.00000
15-FEB-1960 00 /  710:    5.8  4.700  61.90  13.80  19.70  12.80  26.60  13.10   8.22  0.00000
16-MAR-1960 00 /  711:  260.9  4.100  78.00  12.30  19.60  13.50  25.80  14.40  20.99  0.00000
16-APR-1960 00 /  712:  153.0  3.200  83.70   9.90  19.10  14.20  24.10  15.70  18.79  0.00000
16-MAY-1960 00 /  713:   82.9  2.900  79.50   9.60  18.60  13.80  23.40  15.60  12.37  0.00000
16-JUN-1960 00 /  714:   28.4  2.400  99.60  10.00  16.90  11.90  21.90  13.70   5.49  0.00000
16-JUL-1960 00 /  715:    7.4  2.500  84.50  10.30  15.80  10.70  21.00  13.10   7.65  0.00000
16-AUG-1960 00 /  716:   19.0  2.900  80.10  10.70  16.40  11.10  21.80  13.10   4.03  0.00000
16-SEP-1960 00 /  717:   27.6  3.600  72.00  12.60  17.90  11.60  24.20  13.20   4.87  0.00000
16-OCT-1960 00 /  718:   63.5  4.000  70.50  12.30  19.00  12.90  25.20  13.60  11.04  0.00000
16-NOV-1960 00 /  719:   69.8  3.500  76.30  10.20  18.70  13.60  23.80  14.90  18.08  0.00000
16-DEC-1960 00 /  720:   39.3  4.000  64.40  11.70  19.00  13.20  24.90  14.00  11.26  0.00000
16-JAN-1961 00 /  721:    5.4  5.100  49.50  15.10  19.90  12.40  27.50  12.70   3.19  0.00000
15-FEB-1961 00 /  722:    9.7  4.800  61.30  13.80  19.90  13.00  26.80  13.10   3.83  0.00000
16-MAR-1961 00 /  723:   82.1  4.600  65.80  13.30  20.30  13.70  27.00  14.40  10.39  0.00000
16-APR-1961 00 /  724:  139.3  3.500  76.50  10.60  19.80  14.50  25.10  15.90  19.92  0.00000
16-MAY-1961 00 /  725:  118.5  3.100  74.80  10.10  19.70  14.70  24.80  16.50  18.05  0.00000
16-JUN-1961 00 /  726:   23.4  2.900  72.80  10.70  17.70  12.40  23.10  14.50   8.08  0.00000
16-JUL-1961 00 /  727:   15.6  2.400  84.90  10.00  16.40  11.40  21.40  14.10   6.54  0.00000
16-AUG-1961 00 /  728:   23.1  2.600  86.70  10.00  16.40  11.40  21.40  13.50   7.80  0.00000
16-SEP-1961 00 /  729:   39.2  3.500  75.40  11.80  17.80  11.90  23.70  13.40   8.44  0.00000
16-OCT-1961 00 /  730:  156.8  3.800  76.30  11.30  18.50  12.90  24.20  13.50  14.11  0.00000
16-NOV-1961 00 /  731:  526.4  2.900  90.70   8.10  17.40  13.40  21.50  14.30  30.00  0.00000
16-DEC-1961 00 /  732:  270.9  3.500  74.30  10.00  17.90  12.90  22.90  13.80  16.42  0.00000
16-JAN-1962 00 /  733:  170.4  4.100  69.70  11.70  17.90  12.10  23.80  12.20  16.67  0.00000
15-FEB-1962 00 /  734:   22.0  5.000  51.70  14.70  19.10  11.80  26.50  12.00   5.23  0.00000
16-MAR-1962 00 /  735:   29.8  4.400  68.20  12.70  19.60  13.30  26.00  13.60   9.91  0.00000
16-APR-1962 00 /  736:  147.7  3.600  73.20  10.70  19.50  14.20  24.90  15.60  22.91  0.00000
16-MAY-1962 00 /  737:  294.9  2.900  77.40   9.50  17.90  13.20  22.70  14.70  24.47  0.00000
16-JUN-1962 00 /  738:   64.4  2.800  73.40  10.50  16.90  11.70  22.20  13.60   6.88  0.00000
16-JUL-1962 00 /  739:    1.7  2.700  80.90  11.10  15.90  10.40  21.50  12.70   4.44  0.00000
16-AUG-1962 00 /  740:   38.2  2.800  81.30  10.80  16.60  11.20  22.00  13.50   9.27  0.00000
16-SEP-1962 00 /  741:   10.7  3.600  72.30  12.80  17.70  11.30  24.10  13.00   6.07  0.00000
16-OCT-1962 00 /  742:   83.7  4.000  69.50  12.30  18.70  12.60  24.90  13.60  10.91  0.00000
16-NOV-1962 00 /  743:  100.3  3.700  68.70  11.30  18.60  13.00  24.30  14.60  21.67  0.00000
16-DEC-1962 00 /  744:   90.8  3.800  66.70  11.30  18.50  12.90  24.20  14.10  13.05  0.00000
16-JAN-1963 00 /  745:  112.6  4.400  63.40  13.00  18.60  12.10  25.10  12.50  15.12  0.00000
15-FEB-1963 00 /  746:   69.2  4.800  61.10  14.10  19.40  12.40  26.50  12.60  10.91  0.00000
16-MAR-1963 00 /  747:  108.0  4.200  72.10  12.40  19.90  13.70  26.10  14.40  15.62  0.00000
16-APR-1963 00 /  748:  349.0  3.300  82.10  10.30  18.90  13.80  24.10  15.10  25.55  0.00000
16-MAY-1963 00 /  749:  304.1  2.800  82.70   9.00  17.90  13.40  22.40  14.80  21.80  0.00000
16-JUN-1963 00 /  750:   35.7  2.600  79.80  10.20  16.50  11.40  21.60  13.40   7.65  0.00000
16-JUL-1963 00 /  751:   10.8  2.700  78.90  11.20  15.90  10.30  21.50  12.80   2.13  0.00000
16-AUG-1963 00 /  752:   41.0  2.900  80.60  11.40  15.80  10.10  21.50  12.30   8.62  0.00000
16-SEP-1963 00 /  753:    6.2  3.800  66.70  13.30  17.50  10.90  24.20  12.30   3.43  0.00000
16-OCT-1963 00 /  754:    8.9  4.300  65.00  13.20  19.40  12.80  26.00  13.40   6.40  0.00000
16-NOV-1963 00 /  755:  205.7  3.100  85.10   8.80  18.40  14.00  22.80  15.40  26.21  0.00000
16-DEC-1963 00 /  756:  243.2  3.500  80.10  10.30  18.10  13.00  23.30  13.80  19.49  0.00000
16-JAN-1964 00 /  757:   45.6  4.500  60.10  13.30  18.80  12.20  25.50  12.50   9.51  0.00000
15-FEB-1964 00 /  758:  105.9  4.800  61.40  14.00  19.80  12.80  26.80  13.20  11.55  0.00000
16-MAR-1964 00 /  759:  103.8  4.300  70.10  12.30  20.30  14.20  26.50  15.10  18.24  0.00000
16-APR-1964 00 /  760:  363.5  3.200  84.80   9.60  19.40  14.60  24.20  15.90  26.77  0.00000
16-MAY-1964 00 /  761:   86.5  2.900  80.90   9.80  18.10  13.20  23.00  14.60  18.43  0.00000
16-JUN-1964 00 /  762:   18.5  2.700  77.70  10.40  16.70  11.50  21.90  13.40   6.53  0.00000
16-JUL-1964 00 /  763:   30.1  2.600  83.80  11.00  15.10   9.60  20.60  12.00   8.85  0.04000
16-AUG-1964 00 /  764:   51.3  2.900  81.40  10.90  15.70  10.30  21.20  12.20   7.26  0.00000
16-SEP-1964 00 /  765:   21.2  3.700  70.20  13.20  16.90  10.30  23.50  11.80   3.72  0.00000
16-OCT-1964 00 /  766:   32.6  4.100  68.10  12.70  18.20  11.90  24.60  12.40   8.97  0.00000
16-NOV-1964 00 /  767:   69.8  3.800  67.70  11.40  18.60  12.90  24.30  14.30  18.49  0.00000
16-DEC-1964 00 /  768:   62.0  3.900  67.90  12.00  18.00  12.00  24.00  12.90  11.92  0.00000
16-JAN-1965 00 /  769:   78.7  4.500  59.80  13.60  18.40  11.60  25.20  11.80  12.27  0.00000
15-FEB-1965 00 /  770:    4.1  4.900  54.90  14.60  19.10  11.80  26.40  12.10   6.40  0.00000
16-MAR-1965 00 /  771:   34.6  4.700  61.10  13.30  19.70  13.10  26.40  13.30  12.48  0.00000
16-APR-1965 00 /  772:  276.3  3.500  76.40  10.40  19.30  14.10  24.50  15.40  20.14  0.00000
16-MAY-1965 00 /  773:   81.9  3.100  73.40  10.30  18.50  13.40  23.70  15.00  20.50  0.00000
16-JUN-1965 00 /  774:   78.9  2.900  70.30  11.30  16.40  10.80  22.10  12.90   6.34  0.00000
16-JUL-1965 00 /  775:   19.5  2.700  82.10  10.90  15.80  10.40  21.30  12.40   7.28  0.00000
16-AUG-1965 00 /  776:   10.2  2.900  81.70  11.20  16.20  10.60  21.80  12.70   4.75  0.00000
16-SEP-1965 00 /  777:    7.5  3.700  71.20  12.70  18.00  11.70  24.40  13.10   3.94  0.00000
16-OCT-1965 00 /  778:   72.0  3.900  74.10  12.00  18.60  12.60  24.60  13.40  10.61  0.00000
16-NOV-1965 00 /  779:  145.0  3.400  79.50   9.90  18.40  13.50  23.40  14.40  24.24  0.00000
16-DEC-1965 00 /  780:  117.6  3.900  62.50  11.50  18.80  13.10  24.60  14.40  10.77  0.00000
16-JAN-1966 00 /  781:   89.6  4.600  59.40  13.50  19.40  12.70  26.20  12.80  10.78  0.00000
15-FEB-1966 00 /  782:   62.4  4.600  67.10  13.10  20.00  13.50  26.60  13.60   9.88  0.00000
16-MAR-1966 00 /  783:  178.6  4.000  79.60  11.60  19.90  14.10  25.70  14.70  20.57  0.00000
16-APR-1966 00 /  784:  165.3  3.300  84.80   9.80  18.90  14.00  23.80  15.00  24.64  0.00000
16-MAY-1966 00 /  785:  124.5  3.100  72.20  10.10  18.50  13.50  23.60  15.00  15.58  0.00000
16-JUN-1966 00 /  786:   44.7  2.600  83.80   9.90  17.10  12.20  22.10  14.10   6.26  0.00000
16-JUL-1966 00 /  787:    2.0  2.500  85.90  10.50  16.30  11.10  21.60  13.60   3.73  0.00000
16-AUG-1966 00 /  788:   59.8  2.900  81.70  10.90  16.40  11.00  21.90  13.00  11.05  0.00000
16-SEP-1966 00 /  789:   21.2  3.700  71.80  12.60  18.10  11.80  24.40  13.30   4.09  0.00000
16-OCT-1966 00 /  790:   35.6  4.100  67.80  12.40  18.90  12.70  25.10  13.50   7.54  0.00000
16-NOV-1966 00 /  791:  138.6  3.600  74.90  10.40  18.20  13.00  23.40  14.00  19.78  0.00000
16-DEC-1966 00 /  792:   20.7  4.200  55.60  12.20  18.70  12.60  24.80  13.60   5.74  0.00000
16-JAN-1967 00 /  793:    3.4  5.000  46.10  14.70  18.90  11.60  26.30  12.00   2.59  0.00000
15-FEB-1967 00 /  794:   36.4  5.000  55.10  14.70  19.70  12.40  27.10  12.60   7.09  0.00000
16-MAR-1967 00 /  795:   29.8  4.700  61.30  13.40  20.50  13.80  27.20  14.50   8.13  0.00000
16-APR-1967 00 /  796:  236.3  3.300  80.90  10.00  19.20  14.20  24.20  15.70  24.20  0.00000
16-MAY-1967 00 /  797:  468.8  2.700  84.00   8.80  18.10  13.70  22.50  15.50  24.31  0.00000
16-JUN-1967 00 /  798:   38.3  2.500  86.70   9.70  16.60  11.80  21.50  13.80   5.88  0.00000
16-JUL-1967 00 /  799:   24.2  2.500  87.40  10.00  16.00  11.00  21.00  13.10   6.62  0.00000
16-AUG-1967 00 /  800:   41.1  2.700  84.20  10.80  15.80  10.40  21.20  12.80  11.84  0.00000
16-SEP-1967 00 /  801:   31.7  3.500  76.10  12.20  17.30  11.20  23.40  12.60   6.80  0.00000
16-OCT-1967 00 /  802:   94.9  3.900  74.70  11.90  18.70  12.80  24.70  13.30  12.79  0.00000
16-NOV-1967 00 /  803:  122.3  3.100  83.00   9.40  17.80  13.10  22.50  14.50  23.19  0.00000
16-DEC-1967 00 /  804:   32.3  3.800  67.80  10.70  18.50  13.20  23.90  14.10   9.81  0.00000
16-JAN-1968 00 /  805:    0.0  4.600  53.30  13.70  17.90  11.10  24.80  11.30   2.07  0.00000
15-FEB-1968 00 /  806:  136.8  4.700  60.80  13.50  18.80  12.10  25.60  12.10  14.60  0.00000
16-MAR-1968 00 /  807:  196.1  4.000  80.10  11.60  18.70  12.90  24.50  13.10  22.87  0.00000
16-APR-1968 00 /  808:  284.9  3.200  83.20   9.60  18.20  13.40  23.00  14.20  23.48  0.00000
16-MAY-1968 00 /  809:  159.0  2.900  80.20   9.50  17.40  12.70  22.20  13.80  20.38  0.00000
16-JUN-1968 00 /  810:   40.5  2.600  79.60  10.20  15.90  10.80  21.00  12.60   8.96  0.00000
16-JUL-1968 00 /  811:    4.3  2.600  85.00  10.80  15.10   9.70  20.50  11.90   5.49  0.02000
16-AUG-1968 00 /  812:    7.5  2.800  83.30  11.20  15.60  10.00  21.20  12.10   4.58  0.00000
16-SEP-1968 00 /  813:    8.2  3.800  69.70  13.70  17.40  10.60  24.30  12.10   2.69  0.00000
16-OCT-1968 00 /  814:   39.8  4.100  71.90  12.50  18.70  12.50  25.00  12.80   9.97  0.00000
16-NOV-1968 00 /  815:  284.5  3.300  81.10   9.80  18.00  13.10  22.90  14.20  29.13  0.00000
16-DEC-1968 00 /  816:  111.5  3.800  67.70  11.20  18.30  12.70  23.90  13.50  15.02  0.00000
16-JAN-1969 00 /  817:   73.2  4.500  61.90  13.50  18.80  12.10  25.60  12.40  11.16  0.00000
15-FEB-1969 00 /  818:   61.1  4.400  71.50  13.00  18.90  12.40  25.40  12.50  13.41  0.00000
16-MAR-1969 00 /  819:   97.2  4.100  78.10  12.40  19.80  13.60  26.00  14.20  14.18  0.00000
16-APR-1969 00 /  820:   21.3  3.800  66.50  11.40  20.30  14.60  26.00  16.50  11.82  0.00000
16-MAY-1969 00 /  821:  165.2  3.000  73.30  10.00  18.50  13.50  23.50  15.40  22.32  0.00000
16-JUN-1969 00 /  822:    6.0  2.800  73.50  10.80  17.00  11.60  22.40  13.90   4.97  0.00000
16-JUL-1969 00 /  823:    6.2  2.600  81.60  11.30  16.30  10.70  22.00  13.50   4.44  0.00000
16-AUG-1969 00 /  824:   35.5  2.900  79.00  11.70  16.30  10.50  22.20  13.00   6.42  0.00000
16-SEP-1969 00 /  825:    4.4  3.900  67.10  13.50  18.00  11.30  24.80  12.90   4.37  0.00000
16-OCT-1969 00 /  826:   33.6  4.200  67.50  13.00  19.50  13.00  26.00  13.80   8.24  0.00000
16-NOV-1969 00 /  827:  120.9  3.500  76.40  10.40  18.80  13.60  24.00  15.10  21.82  0.00000
16-DEC-1969 00 /  828:   14.0  4.100  58.60  12.20  18.80  12.70  24.90  13.80   5.48  0.00000
16-JAN-1970 00 /  829:  118.8  4.100  72.20  12.20  19.10  13.00  25.20  13.40  19.73  0.00000
15-FEB-1970 00 /  830:   19.5  4.700  64.60  13.60  20.10  13.30  26.90  13.70   7.73  0.00000
16-MAR-1970 00 /  831:  173.9  4.000  80.30  12.00  20.30  14.30  26.30  15.10  20.86  0.00000
16-APR-1970 00 /  832:  295.7  3.300  85.30   9.90  19.20  14.30  24.20  15.40  23.27  0.00000
16-MAY-1970 00 /  833:  185.3  2.900  81.70   9.70  18.30  13.50  23.20  15.00  16.95  0.00000
16-JUN-1970 00 /  834:   29.3  2.700  79.00  10.70  16.90  11.60  22.30  13.60   5.16  0.00000
16-JUL-1970 00 /  835:   11.0  2.600  82.30  10.70  16.30  11.00  21.70  13.30   4.80  0.00000
16-AUG-1970 00 /  836:    7.9  2.700  84.50  10.50  16.30  11.10  21.60  13.20   6.01  0.00000
16-SEP-1970 00 /  837:    5.8  3.700  71.80  13.10  17.80  11.30  24.40  12.80   3.16  0.00000
16-OCT-1970 00 /  838:   36.6  4.100  70.60  13.10  18.90  12.40  25.50  13.20   5.82  0.00000
16-NOV-1970 00 /  839:   95.6  3.700  70.70  11.00  19.00  13.50  24.50  14.90  15.63  0.00000
16-DEC-1970 00 /  840:   29.6  3.700  66.50  10.90  18.40  13.00  23.90  14.20   8.37  0.00000
16-JAN-1971 00 /  841:   64.2  4.600  57.30  13.70  18.80  12.00  25.70  12.50  10.93  0.00000
15-FEB-1971 00 /  842:    5.9  4.900  53.30  14.60  18.80  11.50  26.10  11.80   4.43  0.00000
16-MAR-1971 00 /  843:   23.5  4.800  56.40  14.10  19.60  12.60  26.70  13.30   9.75  0.00000
16-APR-1971 00 /  844:  243.2  3.400  79.50   9.90  19.30  14.40  24.30  15.60  21.63  0.00000
16-MAY-1971 00 /  845:  323.9  2.900  78.30   9.60  17.80  13.00  22.60  14.60  20.83  0.00000
16-JUN-1971 00 /  846:   18.1  2.700  73.30  10.90  16.00  10.60  21.50  12.80   4.62  0.00000
16-JUL-1971 00 /  847:   17.0  2.500  85.10  10.40  15.50  10.30  20.70  12.70   6.26  0.00000
16-AUG-1971 00 /  848:   18.6  2.800  83.30  10.70  15.80  10.50  21.20  12.40  10.44  0.00000
16-SEP-1971 00 /  849:   29.7  3.800  68.70  13.30  17.40  10.80  24.10  12.40   3.75  0.00000
16-OCT-1971 00 /  850:   16.9  4.100  69.40  12.80  18.40  12.00  24.80  12.60   6.50  0.00000
16-NOV-1971 00 /  851:   58.0  3.800  66.70  11.60  18.70  12.90  24.50  14.40  15.52  0.00000
16-DEC-1971 00 /  852:  124.5  3.900  63.20  11.40  18.30  12.60  24.00  13.80  14.40  0.00000
16-JAN-1972 00 /  853:   16.0  4.600  56.80  14.00  18.90  11.90  25.90  12.50  10.46  0.00000
15-FEB-1972 00 /  854:   78.9  4.500  66.40  13.50  18.70  12.00  25.50  12.60  15.29  0.00000
16-MAR-1972 00 /  855:   49.7  4.600  63.70  13.50  19.80  13.10  26.60  13.90  11.76  0.00000
16-APR-1972 00 /  856:   17.4  3.700  71.20  11.30  20.20  14.60  25.90  16.20  10.55  0.00000
16-MAY-1972 00 /  857:  166.7  2.900  80.60   9.10  18.90  14.40  23.50  15.90  18.53  0.00000
16-JUN-1972 00 /  858:  141.8  2.600  83.40   9.60  17.20  12.40  22.00  14.20   9.65  0.00000
16-JUL-1972 00 /  859:   22.4  2.500  88.90   9.70  16.30  11.50  21.20  13.60   3.86  0.00000
16-AUG-1972 00 /  860:    6.7  2.900  81.40  11.30  16.90  11.30  22.60  13.40   4.96  0.00000
16-SEP-1972 00 /  861:   67.0  3.800  71.60  13.20  18.30  11.70  24.90  13.30   6.53  0.00000
16-OCT-1972 00 /  862:  174.6  3.800  76.40  11.60  19.30  13.50  25.10  14.40  14.13  0.00000
16-NOV-1972 00 /  863:  132.8  3.200  84.40   9.80  18.50  13.60  23.40  15.30  23.10  0.00000
16-DEC-1972 00 /  864:   27.0  3.800  67.80  11.30  19.10  13.50  24.80  14.80   9.32  0.00000
16-JAN-1973 00 /  865:  137.1  4.400  63.50  12.90  19.50  13.10  26.00  13.60  15.65  0.00000
15-FEB-1973 00 /  866:   86.3  5.000  58.40  14.50  20.20  13.00  27.50  13.30  12.85  0.00000
16-MAR-1973 00 /  867:   14.1  4.900  57.40  14.10  21.00  14.00  28.10  14.90   2.88  0.00000
16-APR-1973 00 /  868:  220.9  3.500  75.80  10.80  20.50  15.10  25.90  17.00  18.13  0.00000
16-MAY-1973 00 /  869:   60.6  2.800  81.80   9.60  18.90  14.10  23.70  16.10  14.39  0.00000
16-JUN-1973 00 /  870:   23.4  2.600  84.70  10.10  17.20  12.20  22.30  14.40   4.99  0.00000
16-JUL-1973 00 /  871:    5.7  2.700  78.10  11.80  15.80   9.90  21.70  12.60   4.57  0.00000
16-AUG-1973 00 /  872:    6.2  2.800  81.50  11.20  16.50  10.90  22.10  13.40   9.24  0.00000
16-SEP-1973 00 /  873:   87.6  3.800  69.70  13.20  17.90  11.30  24.50  12.80   7.36  0.00000
16-OCT-1973 00 /  874:   22.9  4.300  66.30  13.50  19.50  12.80  26.30  13.70   9.16  0.00000
16-NOV-1973 00 /  875:   70.2  3.600  72.10  10.60  18.70  13.40  24.00  14.60  19.07  0.00000
16-DEC-1973 00 /  876:   24.6  4.100  56.30  12.00  18.40  12.40  24.40  13.50   6.00  0.00000
16-JAN-1974 00 /  877:    9.9  4.900  49.40  15.00  19.10  11.60  26.60  12.10   4.99  0.00000
15-FEB-1974 00 /  878:   10.5  5.200  53.60  15.40  19.80  12.10  27.50  12.30   6.13  0.00000
16-MAR-1974 00 /  879:  137.8  4.400  71.00  13.30  19.70  13.10  26.40  13.60  18.33  0.00000
16-APR-1974 00 /  880:  254.4  3.200  82.00   9.90  19.20  14.30  24.20  15.80  26.04  0.00000
16-MAY-1974 00 /  881:   56.9  2.900  77.80   9.90  18.10  13.20  23.10  15.10  12.42  0.00000
16-JUN-1974 00 /  882:  100.7  2.500  84.80   9.70  17.00  12.20  21.90  14.20   9.89  0.00000
16-JUL-1974 00 /  883:   73.3  2.500  83.90   9.40  15.90  11.20  20.60  13.30  14.12  0.00000
16-AUG-1974 00 /  884:   16.5  3.000  78.90  12.10  16.30  10.30  22.40  12.60  10.75  0.00000
16-SEP-1974 00 /  885:   24.7  3.700  72.10  13.50  17.40  10.70  24.20  12.60   4.49  0.00000
16-OCT-1974 00 /  886:   30.7  4.300  62.60  13.90  19.00  12.10  26.00  13.20   6.41  0.00000
16-NOV-1974 00 /  887:  102.6  3.700  70.40  10.90  18.60  13.20  24.10  14.60  20.36  0.00000
16-DEC-1974 00 /  888:   33.0  4.200  57.50  12.20  18.90  12.80  25.00  13.90   7.98  0.00000
16-JAN-1975 00 /  889:   13.6  4.700  54.40  14.10  19.10  12.10  26.20  12.70   7.13  0.00000
15-FEB-1975 00 /  890:    1.8  5.200  54.00  15.40  20.00  12.30  27.70  12.70   4.00  0.00000
16-MAR-1975 00 /  891:   57.0  4.500  67.70  13.20  20.30  13.70  26.90  14.50  13.53  0.00000
16-APR-1975 00 /  892:  181.5  3.500  75.80  10.80  19.70  14.30  25.10  15.80  21.15  0.00000
16-MAY-1975 00 /  893:  136.8  2.900  78.30   9.90  18.30  13.40  23.30  15.10  19.57  0.00000
16-JUN-1975 00 /  894:   12.0  2.500  87.40   9.90  16.70  11.80  21.70  13.90   3.44  0.00000
16-JUL-1975 00 /  895:   27.1  2.500  85.40  10.30  15.80  10.70  21.00  13.00  10.17  0.00000
16-AUG-1975 00 /  896:    8.8  2.700  85.80  10.80  15.70  10.30  21.10  12.60   5.39  0.00000
16-SEP-1975 00 /  897:  101.2  3.500  74.20  12.50  17.30  11.10  23.60  12.90   8.28  0.00000
16-OCT-1975 00 /  898:   58.7  4.000  71.40  12.50  18.40  12.20  24.70  13.00   8.75  0.00000
16-NOV-1975 00 /  899:   92.7  3.800  68.70  11.60  18.70  12.90  24.50  14.30  14.89  0.00000
16-DEC-1975 00 /  900:   55.8  4.100  55.30  12.40  18.60  12.40  24.80  13.90   9.70  0.00000
16-JAN-1976 00 /  901:    9.3  4.800  52.10  14.60  19.00  11.70  26.30  12.30   8.53  0.00000
15-FEB-1976 00 /  902:   30.4  4.800  62.30  14.30  19.50  12.40  26.70  12.50   7.62  0.00000
16-MAR-1976 00 /  903:   36.7  4.600  64.40  13.50  20.00  13.30  26.80  14.10  10.81  0.00000
16-APR-1976 00 /  904:  108.4  3.600  72.70  10.70  19.50  14.20  24.90  15.70  18.49  0.00000
16-MAY-1976 00 /  905:   90.2  2.900  81.50   9.50  18.70  14.00  23.50  15.70  15.39  0.00000
16-JUN-1976 00 /  906:   45.6  2.700  78.00  10.40  17.30  12.10  22.50  14.40   7.65  0.00000
16-JUL-1976 00 /  907:   12.2  2.600  81.60  10.70  16.00  10.70  21.40  13.20   6.37  0.00000
16-AUG-1976 00 /  908:   10.2  2.900  79.50  11.50  16.40  10.70  22.20  13.00   4.94  0.00000
16-SEP-1976 00 /  909:   55.5  3.700  70.10  13.20  18.00  11.40  24.60  13.20   7.20  0.00000
16-OCT-1976 00 /  910:   13.7  4.200  66.00  13.10  19.40  12.90  26.00  14.10   4.79  0.00000
16-NOV-1976 00 /  911:  125.1  3.700  71.60  11.20  19.00  13.40  24.60  14.90  17.57  0.00000
16-DEC-1976 00 /  912:   87.5  4.300  58.50  12.50  19.30  13.10  25.60  14.10  12.16  0.00000
16-JAN-1977 00 /  913:   50.3  4.300  68.50  13.00  19.40  12.90  25.90  13.60  12.02  0.00000
15-FEB-1977 00 /  914:   74.5  4.700  62.80  13.80  19.60  12.70  26.50  12.90   8.82  0.00000
16-MAR-1977 00 /  915:   57.9  4.400  71.20  12.70  20.30  14.00  26.70  14.60  14.68  0.00000
16-APR-1977 00 /  916:  432.1  3.200  86.40   9.40  19.40  14.70  24.10  16.00  28.63  0.00000
16-MAY-1977 00 /  917:  273.2  2.900  78.00   9.80  18.50  13.60  23.40  15.30  22.03  0.00000
16-JUN-1977 00 /  918:   60.8  2.700  79.40  10.60  17.10  11.80  22.40  14.00   5.24  0.00000
16-JUL-1977 00 /  919:   41.2  2.600  84.90  10.70  16.30  11.00  21.70  13.40   8.41  0.00000
16-AUG-1977 00 /  920:   58.6  2.800  83.30  11.10  16.50  11.00  22.10  13.20   8.61  0.00000
16-SEP-1977 00 /  921:   19.6  3.700  72.60  13.20  18.20  11.60  24.80  13.20   4.19  0.00000
16-OCT-1977 00 /  922:   34.6  4.100  73.80  13.00  19.50  13.00  26.00  13.90   7.79  0.00000
16-NOV-1977 00 /  923:  263.4  3.100  88.80   9.20  17.80  13.20  22.40  14.30  25.65  0.00000
16-DEC-1977 00 /  924:  107.7  3.700  77.20  11.30  18.30  12.70  24.00  13.50  13.83  0.00000
16-JAN-1978 00 /  925:  133.2  4.400  66.00  13.50  18.90  12.20  25.70  12.60  14.26  0.00000
15-FEB-1978 00 /  926:   39.2  4.800  65.70  14.50  19.60  12.40  26.90  12.80  11.28  0.00000
16-MAR-1978 00 /  927:  284.0  3.800  86.50  11.90  19.30  13.40  25.30  14.20  23.31  0.00000
16-APR-1978 00 /  928:  237.6  3.400  81.30  10.10  19.50  14.50  24.60  15.70  24.87  0.00000
16-MAY-1978 00 /  929:   41.2  3.000  74.70  10.20  18.00  12.90  23.10  14.40  17.80  0.00000
16-JUN-1978 00 /  930:   10.0  2.600  83.30  10.50  16.90  11.70  22.20  13.90   5.98  0.00000
16-JUL-1978 00 /  931:   15.7  2.600  86.10  11.00  15.90  10.40  21.40  12.80   5.85  0.00000
16-AUG-1978 00 /  932:   35.1  2.900  82.50  11.30  16.70  11.10  22.40  13.20   6.13  0.00000
16-SEP-1978 00 /  933:    9.6  3.800  68.90  13.60  18.10  11.30  24.90  12.90   4.86  0.00000
16-OCT-1978 00 /  934:   89.7  4.100  72.80  12.50  19.30  13.10  25.60  13.70  11.16  0.00000
16-NOV-1978 00 /  935:  113.6  3.400  76.70  10.20  18.50  13.40  23.60  14.80  18.81  0.00000
16-DEC-1978 00 /  936:  118.9  3.500  75.30  10.20  18.30  13.20  23.40  14.10  16.03  0.00000
16-JAN-1979 00 /  937:   46.7  4.300  68.20  12.80  18.90  12.50  25.30  12.90  15.36  0.00000
15-FEB-1979 00 /  938:  141.9  4.400  73.40  12.90  19.30  12.90  25.80  13.10  13.36  0.00000
16-MAR-1979 00 /  939:  135.7  4.400  66.50  13.10  19.60  13.10  26.20  13.90  17.98  0.00000
16-APR-1979 00 /  940:  135.2  3.400  79.40  10.40  19.40  14.20  24.60  15.70  22.82  0.00000
16-MAY-1979 00 /  941:  160.9  2.900  79.80   8.90  18.30  13.90  22.80  15.20  22.26  0.00000
16-JUN-1979 00 /  942:   35.6  2.500  88.20   9.70  16.20  11.40  21.10  13.20   7.71  0.00000
16-JUL-1979 00 /  943:   41.1  2.600  83.90  10.40  15.70  10.50  20.90  12.50   8.97  0.00000
16-AUG-1979 00 /  944:   13.2  2.900  81.70  10.90  16.60  11.20  22.10  13.00   6.09  0.00000
16-SEP-1979 00 /  945:   39.2  3.800  70.60  13.00  17.90  11.40  24.40  12.70   5.31  0.00000
16-OCT-1979 00 /  946:   24.3  4.200  67.70  12.70  19.10  12.80  25.50  13.30   7.53  0.00000
16-NOV-1979 00 /  947:  107.2  3.600  74.60  10.30  19.00  13.90  24.20  15.20  19.33  0.00000
16-DEC-1979 00 /  948:   51.4  4.000  62.70  10.90  19.40  14.00  24.90  15.00  10.11  0.00000
16-JAN-1980 00 /  949:   83.4  4.700  55.00  13.40  19.20  12.50  25.90  12.70  10.13  0.00000
15-FEB-1980 00 /  950:   22.8  5.000  57.10  14.20  19.90  12.80  27.00  12.80   7.04  0.00000
16-MAR-1980 00 /  951:   55.4  4.600  64.00  13.30  20.30  13.70  27.00  14.40  11.78  0.00000
16-APR-1980 00 /  952:  111.9  3.600  74.60  10.60  20.20  14.90  25.50  16.40  18.90  0.00000
16-MAY-1980 00 /  953:  434.2  2.800  82.80   9.00  18.80  14.30  23.30  16.00  20.80  0.00000
16-JUN-1980 00 /  954:   23.7  2.700  79.80  10.40  16.90  11.70  22.10  13.80   5.92  0.00000
16-JUL-1980 00 /  955:    2.3  2.600  84.90  10.50  16.10  10.90  21.40  13.20   4.58  0.00000
16-AUG-1980 00 /  956:   12.7  2.800  84.20  10.60  16.40  11.10  21.70  13.10   6.60  0.00000
16-SEP-1980 00 /  957:   20.1  3.800  68.60  12.70  18.00  11.70  24.40  13.00   3.17  0.00000
16-OCT-1980 00 /  958:   41.1  4.300  65.20  13.20  19.50  12.90  26.10  13.40   7.15  0.00000
16-NOV-1980 00 /  959:  207.0  3.500  77.40  10.30  18.80  13.70  24.00  15.20  20.75  0.00000
16-DEC-1980 00 /  960:   27.0  3.900  61.30  11.30  18.30  12.70  24.00  13.90   8.49  0.00000
16-JAN-1981 00 /  961:   13.8  4.900  51.60  14.10  19.50  12.50  26.60  12.50   6.20  0.00000
15-FEB-1981 00 /  962:    4.8  5.000  56.00  14.50  20.00  12.80  27.30  13.20   5.99  0.00000
16-MAR-1981 00 /  963:  128.5  4.300  73.90  12.50  19.80  13.60  26.10  14.10  21.04  0.00000
16-APR-1981 00 /  964:  404.8  3.400  82.30  10.30  19.20  14.10  24.40  15.20  24.69  0.00000
16-MAY-1981 00 /  965:  194.3  2.900  82.60   9.30  18.20  13.60  22.90  14.90  21.39  0.00000
16-JUN-1981 00 /  966:   20.1  2.800  77.60  10.80  16.90  11.50  22.30  13.50   5.55  0.00000
16-JUL-1981 00 /  967:   13.7  2.500  87.70  10.20  15.80  10.70  20.90  12.80   6.96  0.00000
16-AUG-1981 00 /  968:   29.5  2.900  83.10  10.90  16.80  11.40  22.30  13.20   5.90  0.00000
16-SEP-1981 00 /  969:   46.6  3.700  72.10  13.20  18.10  11.50  24.70  13.00   5.52  0.00000
16-OCT-1981 00 /  970:   47.4  4.200  68.50  12.90  19.40  13.00  25.90  13.70  10.32  0.00000
16-NOV-1981 00 /  971:   32.6  3.800  71.10  11.20  19.20  13.60  24.80  14.80  14.72  0.00000
16-DEC-1981 00 /  972:   57.0  4.000  62.90  11.60  18.80  13.00  24.60  14.10  12.40  0.00000
16-JAN-1982 00 /  973:    1.1  4.800  53.40  14.10  19.60  12.60  26.70  12.80   5.73  0.00000
15-FEB-1982 00 /  974:   17.1  5.100  53.80  15.00  19.90  12.40  27.40  12.70   5.45  0.00000
16-MAR-1982 00 /  975:   49.7  4.900  57.20  14.20  20.30  13.20  27.40  13.80  10.34  0.00000
16-APR-1982 00 /  976:  198.8  3.400  80.90  10.50  19.20  14.00  24.50  15.10  20.37  0.00000
16-MAY-1982 00 /  977:  191.3  2.800  83.70   9.10  18.40  13.90  23.00  15.20  22.83  0.00000
16-JUN-1982 00 /  978:   18.6  2.700  79.30   9.90  17.10  12.20  22.10  14.10   7.25  0.00000
16-JUL-1982 00 /  979:   24.9  2.600  80.70  10.60  16.20  10.90  21.50  13.30   7.91  0.00000
16-AUG-1982 00 /  980:    7.4  2.800  82.90  11.00  16.40  10.90  21.90  13.10   6.22  0.00000
16-SEP-1982 00 /  981:   29.1  3.700  73.30  12.90  18.20  11.80  24.70  13.20   6.75  0.00000
16-OCT-1982 00 /  982:  159.6  3.700  78.50  11.70  18.60  12.80  24.50  13.80  13.82  0.00000
16-NOV-1982 00 /  983:  224.4  3.300  80.20   9.60  18.50  13.70  23.30  15.20  27.27  0.00000
16-DEC-1982 00 /  984:  133.2  3.800  66.50  11.60  18.50  12.70  24.30  14.10  13.15  0.00000
16-JAN-1983 00 /  985:    2.7  4.600  57.50  13.80  19.30  12.40  26.20  13.10   5.80  0.00000
15-FEB-1983 00 /  986:  173.6  5.000  61.40  15.00  20.10  12.60  27.60  13.10  10.82  0.00000
16-MAR-1983 00 /  987:   52.2  4.700  63.90  13.10  20.80  14.30  27.40  14.70   7.46  0.00000
16-APR-1983 00 /  988:  170.9  3.600  75.70  10.50  20.60  15.40  25.90  17.10  20.86  0.00000
16-MAY-1983 00 /  989:   40.1  2.900  77.10   9.40  19.10  14.40  23.80  16.20  15.45  0.00000
16-JUN-1983 00 /  990:   33.2  2.600  81.50   9.60  18.00  13.20  22.80  15.10   8.98  0.00000
16-JUL-1983 00 /  991:   21.6  2.600  85.00  10.10  16.80  11.80  21.90  14.00   7.61  0.00000
16-AUG-1983 00 /  992:   31.4  2.800  84.80  10.30  16.90  11.80  22.10  13.60  11.27  0.00000
16-SEP-1983 00 /  993:    5.2  3.700  71.90  12.90  17.90  11.50  24.40  13.00   3.91  0.00000
16-OCT-1983 00 /  994:   47.8  4.100  70.40  12.30  19.70  13.60  25.90  14.10   7.55  0.00000
16-NOV-1983 00 /  995:   27.6  3.800  69.00  11.40  19.10  13.40  24.80  15.00  18.49  0.00000
16-DEC-1983 00 /  996:  209.6  3.800  65.30  11.50  18.50  12.80  24.30  14.20  16.39  0.00000
16-JAN-1984 00 /  997:    4.5  4.400  52.60  13.20  18.70  12.10  25.30  13.10   7.89  0.00000
15-FEB-1984 00 /  998:    1.3  5.100  49.30  15.00  19.20  11.70  26.70  12.10   4.94  0.00000
16-MAR-1984 00 /  999:    9.2  4.800  58.60  13.90  20.30  13.40  27.30  14.10   6.74  0.00000
16-APR-1984 00 / 1000:   73.6  3.600  68.80  10.60  19.90  14.60  25.20  16.40  14.28  0.00000
16-MAY-1984 00 / 1001:    3.7  3.200  68.80  10.10  19.20  14.20  24.30  15.90   3.14  0.00000
16-JUN-1984 00 / 1002:    6.1  2.700  71.90  10.20  16.90  11.80  22.00  14.00   1.83  0.00000
16-JUL-1984 00 / 1003:   15.8  2.500  86.80   9.60  16.50  11.70  21.30  13.90   7.85  0.00000
16-AUG-1984 00 / 1004:   18.1  2.800  83.50  10.40  16.40  11.20  21.60  13.20   4.40  0.00000
16-SEP-1984 00 / 1005:   22.4  3.900  67.30  13.90  18.00  11.10  25.00  12.60   5.71  0.00000
16-OCT-1984 00 / 1006:  134.4  4.000  74.50  12.50  18.90  12.70  25.20  13.20  13.94  0.00000
16-NOV-1984 00 / 1007:  136.1  3.300  80.70   9.70  18.20  13.40  23.10  14.80  26.24  0.00000
16-DEC-1984 00 / 1008:   64.9  3.900  65.30  11.30  18.70  13.10  24.40  14.20  11.44  0.00000
16-JAN-1985 00 / 1009:    0.7  4.700  56.00  14.10  19.20  12.20  26.30  12.60   6.03  0.00000
15-FEB-1985 00 / 1010:  100.5  4.400  67.90  12.50  19.50  13.30  25.80  13.70  11.84  0.00000
16-MAR-1985 00 / 1011:  125.7  4.400  68.00  13.10  19.40  12.90  26.00  13.70  17.90  0.00000
16-APR-1985 00 / 1012:  194.4  3.300  81.90  10.00  19.00  14.00  24.00  15.30  24.11  0.00000
16-MAY-1985 00 / 1013:   68.6  2.800  81.40   9.60  17.90  13.10  22.70  14.70  18.44  0.00000
16-JUN-1985 00 / 1014:   26.0  2.600  82.20  10.30  16.70  11.60  21.90  13.60   7.49  0.00000
16-JUL-1985 00 / 1015:   40.0  2.600  84.20  10.50  15.90  10.70  21.20  13.00   7.13  0.00000
16-AUG-1985 00 / 1016:    9.5  2.800  82.60  11.20  16.40  10.80  22.00  13.10   5.28  0.00000
16-SEP-1985 00 / 1017:   24.7  3.600  73.10  12.50  18.00  11.80  24.30  13.20   3.71  0.00000
16-OCT-1985 00 / 1018:   28.1  4.100  70.10  12.10  19.10  13.10  25.20  13.40  10.15  0.00000
16-NOV-1985 00 / 1019:  105.3  3.500  74.90   9.80  19.00  14.10  23.90  15.50  20.38  0.00000
16-DEC-1985 00 / 1020:   66.0  4.000  61.70  11.30  18.90  13.30  24.60  14.40   9.75  0.00000
16-JAN-1986 00 / 1021:   14.5  4.500  57.90  13.10  19.00  12.50  25.60  13.00   6.69  0.00000
15-FEB-1986 00 / 1022:    0.0  5.200  52.30  15.10  20.00  12.50  27.60  12.60   4.08  0.00000
16-MAR-1986 00 / 1023:   80.7  4.400  66.50  12.70  19.80  13.50  26.20  14.30  11.58  0.00000
16-APR-1986 00 / 1024:  218.1  3.300  80.10   9.90  19.30  14.40  24.30  15.70  24.15  0.00000
16-MAY-1986 00 / 1025:  263.2  2.800  80.80   9.10  18.30  13.80  22.90  15.40  22.03  0.00000
16-JUN-1986 00 / 1026:   19.7  2.500  87.80  10.20  16.60  11.50  21.70  13.70   7.82  0.00000
16-JUL-1986 00 / 1027:    2.4  2.700  82.60  11.10  15.90  10.40  21.50  12.60   5.56  0.00000
16-AUG-1986 00 / 1028:    3.4  3.100  76.00  12.00  16.50  10.50  22.50  12.50   4.08  0.00000
16-SEP-1986 00 / 1029:    1.6  3.800  70.20  13.40  18.10  11.40  24.80  12.80   4.03  0.00000
16-OCT-1986 00 / 1030:   23.2  4.200  68.30  12.40  19.70  13.50  25.90  14.10   7.08  0.00000
16-NOV-1986 00 / 1031:  194.3  3.400  77.10  10.00  19.10  14.10  24.10  15.80  19.73  0.00000
16-DEC-1986 00 / 1032:  100.3  3.600  70.60  10.60  18.80  13.50  24.10  14.80  12.32  0.00000
16-JAN-1987 00 / 1033:   54.6  4.500  61.20  13.10  19.20  12.70  25.80  13.00  11.10  0.00000
15-FEB-1987 00 / 1034:   26.5  4.900  59.40  14.50  19.80  12.60  27.10  12.80   6.17  0.00000
16-MAR-1987 00 / 1035:   29.2  4.600  64.20  13.10  20.60  14.10  27.20  14.80  11.92  0.00000
16-APR-1987 00 / 1036:  275.5  3.700  70.90  10.60  20.20  14.90  25.50  16.20  18.16  0.00000
16-MAY-1987 00 / 1037:  121.8  2.900  80.50   9.50  18.70  14.00  23.50  15.70  21.01  0.00000
16-JUN-1987 00 / 1038:   84.3  2.600  84.40   9.90  17.00  12.10  22.00  14.00  11.63  0.00000
16-JUL-1987 00 / 1039:   11.0  2.800  79.20  11.10  16.60  11.10  22.20  13.20   8.32  0.00000
16-AUG-1987 00 / 1040:   12.4  2.900  80.90  11.30  17.00  11.40  22.70  13.50   7.47  0.00000
16-SEP-1987 00 / 1041:   16.0  4.000  68.10  13.50  18.90  12.20  25.70  13.60   3.04  0.00000
16-OCT-1987 00 / 1042:    2.0  4.400  64.00  13.10  20.10  13.60  26.70  14.40   3.29  0.00000
16-NOV-1987 00 / 1043:  164.6  3.600  74.50  11.00  19.20  13.70  24.70  15.50  23.21  0.00000
16-DEC-1987 00 / 1044:   20.9  4.400  52.90  12.90  19.60  13.20  26.10  14.60   5.34  0.00000
16-JAN-1988 00 / 1045:   73.9  4.500  60.10  13.20  20.40  13.80  27.00  14.90  13.89  0.00000
15-FEB-1988 00 / 1046:   23.2  5.000  58.10  15.00  20.70  13.20  28.20  13.90   5.21  0.00000
16-MAR-1988 00 / 1047:  182.4  4.400  69.60  13.00  21.00  14.50  27.50  15.60  16.03  0.00000
16-APR-1988 00 / 1048:  347.2  3.400  84.90  10.30  19.80  14.70  25.00  15.90  25.21  0.00000
16-MAY-1988 00 / 1049:  186.4  3.000  78.80  10.30  18.80  13.70  24.00  15.40  15.83  0.00000
16-JUN-1988 00 / 1050:   75.3  2.700  82.10  10.60  17.70  12.40  23.00  14.60   8.56  0.00000
16-JUL-1988 00 / 1051:   14.6  2.500  86.30  10.60  16.20  10.90  21.50  13.30   4.61  0.00000
16-AUG-1988 00 / 1052:   24.8  2.900  84.60  10.90  17.10  11.70  22.60  13.70   9.77  0.00000
16-SEP-1988 00 / 1053:   29.7  3.600  77.50  12.80  18.20  11.80  24.60  13.20   5.94  0.00000
16-OCT-1988 00 / 1054:   25.6  4.200  66.90  13.20  19.40  12.80  26.00  13.80   8.57  0.00000
16-NOV-1988 00 / 1055:   93.0  3.500  76.50  10.50  18.50  13.30  23.80  14.50  17.15  0.00000
16-DEC-1988 00 / 1056:  130.8  3.900  65.30  11.90  18.40  12.50  24.40  13.70  12.02  0.00000
16-JAN-1989 00 / 1057:  130.8  4.100  69.40  11.90  18.60  12.70  24.60  13.20  15.14  0.00000
15-FEB-1989 00 / 1058:   40.5  4.800  59.70  14.30  19.00  11.90  26.20  12.30   8.62  0.00000
16-MAR-1989 00 / 1059:   82.7  4.400  69.10  12.90  20.00  13.60  26.50  14.30  14.90  0.00000
16-APR-1989 00 / 1060:  218.6  3.300  81.30  10.30  18.80  13.70  24.00  15.10  24.94  0.00000
16-MAY-1989 00 / 1061:  236.0  2.900  79.70   9.50  17.90  13.20  22.70  14.70  20.76  0.00000
16-JUN-1989 00 / 1062:   19.2  2.600  81.10  10.30  16.70  11.60  21.90  13.80   4.25  0.00000
16-JUL-1989 00 / 1063:   52.7  2.600  85.80  10.70  16.00  10.70  21.40  12.80   7.18  0.00000
16-AUG-1989 00 / 1064:   39.2  2.800  84.70  10.40  16.60  11.40  21.80  13.10   9.93  0.00000
16-SEP-1989 00 / 1065:   43.6  3.600  75.50  12.50  18.20  12.00  24.50  13.30   6.26  0.00000
16-OCT-1989 00 / 1066:   64.2  4.000  73.20  12.30  19.30  13.20  25.50  13.90  12.61  0.00000
16-NOV-1989 00 / 1067:  111.0  3.500  78.80  10.30  18.60  13.50  23.80  14.70  19.53  0.00000
16-DEC-1989 00 / 1068:  164.1  3.700  71.00  10.60  18.60  13.30  23.90  14.40  16.47  0.00000
16-JAN-1990 00 / 1069:   53.2  4.500  58.50  13.30  18.80  12.20  25.50  12.70  10.44  0.00000
15-FEB-1990 00 / 1070:   34.1  4.600  65.60  13.10  20.10  13.60  26.70  14.00  13.81  0.00000
16-MAR-1990 00 / 1071:  242.5  3.800  86.50  11.30  19.80  14.20  25.50  14.80  23.22  0.00000
16-APR-1990 00 / 1072:  216.6  3.300  84.30  10.00  19.50  14.50  24.50  15.80  24.34  0.00000
16-MAY-1990 00 / 1073:  174.5  3.000  77.00   9.90  19.10  14.20  24.10  15.90  17.98  0.00000
16-JUN-1990 00 / 1074:    5.7  2.800  73.40  11.00  17.20  11.70  22.70  13.90   2.73  0.00000
16-JUL-1990 00 / 1075:   12.8  2.700  81.10  11.50  16.30  10.60  22.10  13.00   6.04  0.00000
16-AUG-1990 00 / 1076:   21.2  2.800  84.80  10.80  16.80  11.40  22.20  13.60   7.31  0.00000
16-SEP-1990 00 / 1077:   21.9  3.700  70.20  13.10  18.20  11.70  24.80  13.40   3.83  0.00000
16-OCT-1990 00 / 1078:   60.4  4.100  69.10  12.50  19.40  13.20  25.70  13.90  10.07  0.00000
16-NOV-1990 00 / 1079:  138.0  3.300  77.10   9.10  19.00  14.50  23.60  15.80  21.36  0.00000
16-DEC-1990 00 / 1080:   96.7  3.800  65.80  11.10  18.70  13.20  24.30  14.30  12.66  0.00000
16-JAN-1991 00 / 1081:   25.8  4.700  57.80  14.30  19.40  12.30  26.60  12.90   8.37  0.00000
15-FEB-1991 00 / 1082:    5.0  5.100  52.50  15.50  20.10  12.40  27.90  13.40   3.39  0.00000
16-MAR-1991 00 / 1083:  112.3  4.600  66.20  14.10  20.40  13.40  27.50  14.50  17.15  0.00000
16-APR-1991 00 / 1084:  136.4  3.700  72.80  11.60  19.70  13.90  25.50  15.50  17.96  0.00000
16-MAY-1991 00 / 1085:  257.0  2.900  81.90   9.50  18.80  14.10  23.60  15.90  24.19  0.00000
16-JUN-1991 00 / 1086:   25.7  2.700  81.30  11.20  17.50  11.90  23.10  14.20   7.13  0.00000
16-JUL-1991 00 / 1087:    4.3  2.500  87.60  10.90  16.20  10.80  21.70  13.70   3.51  0.00000
16-AUG-1991 00 / 1088:   37.3  2.900  82.50  12.10  16.30  10.30  22.40  13.10  10.75  0.00000
16-SEP-1991 00 / 1089:    3.7  3.800  67.80  14.20  17.80  10.70  24.90  13.10   2.05  0.00000
16-OCT-1991 00 / 1090:   26.5  4.300  67.40  13.50  20.00  13.30  26.80  14.50   7.10  0.00000
16-NOV-1991 00 / 1091:  157.2  3.500  74.40  12.00  18.80  12.80  24.80  15.40  23.57  0.00000
16-DEC-1991 00 / 1092:   94.2  3.800  62.50  10.70  18.90  13.60  24.30  15.10  11.17  0.00000
16-JAN-1992 00 / 1093:   10.6  4.700  57.80  15.60  18.70  10.90  26.50  12.20   8.29  0.00000
15-FEB-1992 00 / 1094:   39.2  4.900  59.00  14.50  20.30  13.10  27.60  13.90   5.33  0.00000
16-MAR-1992 00 / 1095:   19.9  4.700  64.00  15.00  20.50  13.00  28.00  14.50   8.61  0.00000
16-APR-1992 00 / 1096:  294.2  3.400  76.20   9.20  20.20  15.60  24.80  16.80  21.16  0.00000
16-MAY-1992 00 / 1097:  160.7  2.900  79.50   9.10  18.80  14.30  23.40  15.90  18.64  0.00000
16-JUN-1992 00 / 1098:   28.2  2.500  85.10   8.50  17.60  13.40  21.90  15.00   5.10  0.00000
16-JUL-1992 00 / 1099:   33.2  2.400  88.70   9.20  15.90  11.30  20.50  13.40   6.10  0.00000
16-AUG-1992 00 / 1100:   18.4  2.700  84.60  10.60  16.20  10.90  21.50  13.00   7.20  0.00000
16-SEP-1992 00 / 1101:   15.0  3.600  75.10  11.90  18.00  12.10  24.00  13.30   5.14  0.00000
16-OCT-1992 00 / 1102:   71.4  4.100  72.60  13.20  19.20  12.60  25.80  13.50  12.09  0.00000
16-NOV-1992 00 / 1103:  109.3  3.500  73.00  10.50  18.60  13.40  23.90  15.10  19.94  0.00000
16-DEC-1992 00 / 1104:  184.4  3.800  60.70  10.20  18.60  13.50  23.70  14.40  16.13  0.00000
16-JAN-1993 00 / 1105:  160.8  4.100  56.60  10.60  18.50  13.20  23.80  13.30  17.98  0.00000
15-FEB-1993 00 / 1106:  121.3  4.800  58.00  14.00  19.40  12.40  26.40  12.90  12.80  0.00000
16-MAR-1993 00 / 1107:   43.7  4.500  64.50  14.20  19.80  12.70  26.90  14.00  10.29  0.00000
16-APR-1993 00 / 1108:   62.4  3.700  72.10  11.70  20.10  14.30  26.00  16.20  10.67  0.00000
16-MAY-1993 00 / 1109:  132.7  3.100  72.70  10.40  19.00  13.80  24.20  15.90  16.77  0.00000
16-JUN-1993 00 / 1110:   45.3  2.500  87.10   9.60  17.50  12.70  22.30  14.70   7.66  0.00000
16-JUL-1993 00 / 1111:    6.0  2.600  83.40  10.70  16.00  10.70  21.40  13.00   4.06  0.00000
16-AUG-1993 00 / 1112:   20.9  2.900  80.60  11.00  16.90  11.40  22.40  13.40   9.05  0.00000
16-SEP-1993 00 / 1113:    9.1  3.800  66.40  13.80  17.80  10.90  24.70  12.80   2.28  0.00000
16-OCT-1993 00 / 1114:   45.8  4.100  66.40  12.50  18.60  12.40  24.90  13.10  10.68  0.00000
16-NOV-1993 00 / 1115:  111.8  3.900  70.90  11.60  19.40  13.60  25.20  14.70  18.19  0.00000
16-DEC-1993 00 / 1116:   65.5  4.100  62.20  12.60  18.80  12.50  25.10  13.80   9.99  0.00000
16-JAN-1994 00 / 1117:   10.1  4.700  52.90  14.40  19.20  12.00  26.40  13.00   3.73  0.00000
15-FEB-1994 00 / 1118:   60.3  4.900  56.50  14.10  20.00  13.00  27.10  13.40  11.24  0.00000
16-MAR-1994 00 / 1119:   58.9  4.400  68.10  13.00  20.00  13.50  26.50  14.50  15.58  0.00000
16-APR-1994 00 / 1120:  228.5  3.600  73.00  10.60  19.70  14.40  25.00  15.80  22.43  0.00000
16-MAY-1994 00 / 1121:  117.6  2.900  80.90   9.60  18.70  13.90  23.50  15.70  19.05  0.00000
16-JUN-1994 00 / 1122:   27.9  2.700  79.60  10.40  17.20  12.00  22.40  14.10   5.91  0.00000
16-JUL-1994 00 / 1123:   35.4  2.500  85.90  10.50  16.00  10.80  21.30  13.50   7.51  0.00000
16-AUG-1994 00 / 1124:   38.5  2.800  85.30  10.80  17.00  11.60  22.40  13.70   6.96  0.00000
16-SEP-1994 00 / 1125:   11.3  3.700  69.60  12.30  18.40  12.30  24.60  13.60   2.68  0.00000
16-OCT-1994 00 / 1126:   74.0  4.100  70.00  11.80  19.80  13.90  25.70  14.50  10.47  0.00000
16-NOV-1994 00 / 1127:  231.9  3.300  84.30   9.90  18.40  13.50  23.40  14.80  22.29  0.00000
16-DEC-1994 00 / 1128:   84.2  3.600  67.80  10.40  18.60  13.40  23.80  14.70  10.91  0.00000
16-JAN-1995 00 / 1129:   25.9  4.600  57.50  14.30  19.30  12.20  26.50  13.10   5.81  0.00000
15-FEB-1995 00 / 1130:   66.4  4.800  58.30  14.20  19.90  12.80  27.00  13.50   9.01  0.00000
16-MAR-1995 00 / 1131:  116.5  4.200  77.90  13.00  20.30  13.80  26.80  15.00  14.31  0.00000
16-APR-1995 00 / 1132:  227.6  3.600  75.00  10.70  20.20  14.90  25.60  16.40  23.45  0.00000
16-MAY-1995 00 / 1133:  152.7  2.800  80.50   8.80  18.80  14.40  23.20  16.10  19.88  0.00000
16-JUN-1995 00 / 1134:   26.9  2.700  79.20   9.90  17.60  12.70  22.60  14.60   4.74  0.00000
16-JUL-1995 00 / 1135:   11.1  2.500  87.80   9.90  16.50  11.60  21.50  13.80   5.76  0.00000
16-AUG-1995 00 / 1136:   32.0  2.900  83.20  11.00  17.10  11.60  22.60  13.60   7.89  0.00000
16-SEP-1995 00 / 1137:   21.3  3.700  74.60  12.60  18.30  12.00  24.60  13.40   3.90  0.00000
16-OCT-1995 00 / 1138:   83.2  4.000  75.10  12.30  19.70  13.60  25.90  14.50  10.34  0.00000
16-NOV-1995 00 / 1139:   64.2  3.600  77.30  11.60  19.10  13.30  24.90  15.20  15.23  0.00000
16-DEC-1995 00 / 1140:   73.5  4.200  62.60  13.30  19.00  12.40  25.70  13.80  10.59  0.00000
16-JAN-1996 00 / 1141:   42.4  4.700  58.80  14.00  19.90  12.90  26.90  13.40   7.38  0.00000
15-FEB-1996 00 / 1142:   47.3  4.700  60.00  13.60  20.20  13.40  27.00  14.00  12.93  0.00000
16-MAR-1996 00 / 1143:  115.5  4.500  67.60  13.10  20.50  14.00  27.10  15.00  15.57  0.00000
16-APR-1996 00 / 1144:   81.3  3.300  79.70   9.50  19.60  14.90  24.40  16.40  14.01  0.00000
16-MAY-1996 00 / 1145:  117.6  2.800  82.70   8.70  18.60  14.30  23.00  15.60  18.92  0.00000
16-JUN-1996 00 / 1146:   55.7  2.700  80.80  10.20  17.40  12.30  22.50  14.40   6.99  0.00000
16-JUL-1996 00 / 1147:   21.0  2.600  85.50  10.50  16.30  11.10  21.60  13.10   6.45  0.00000
16-AUG-1996 00 / 1148:   14.9  3.000  82.60  12.70  16.40  10.10  22.80  12.70   5.97  0.00000
16-SEP-1996 00 / 1149:   18.5  3.700  72.90  13.50  17.80  11.10  24.60  12.90   4.14  0.00000
16-OCT-1996 00 / 1150:   20.5  4.100  68.90  12.60  19.10  12.80  25.40  13.60   4.98  0.00000
16-NOV-1996 00 / 1151:  123.4  3.600  76.30  10.40  19.10  13.90  24.30  15.00  18.00  0.00000
16-DEC-1996 00 / 1152:    8.5  4.200  65.80  14.30  19.10  12.00  26.30  13.90   4.22  0.00000
16-JAN-1997 00 / 1153:   12.6  4.800  58.80  15.50  19.80  12.10  27.60  13.10   4.12  0.00000
15-FEB-1997 00 / 1154:    1.9  5.100  55.10  15.80  20.00  12.10  27.90  13.30   0.94  0.00000
16-MAR-1997 00 / 1155:   46.7  4.400  66.10  13.40  20.20  13.50  26.90  14.80  10.73  0.00000
16-APR-1997 00 / 1156:  268.1  2.900  97.10   9.70  19.40  14.60  24.30  16.50  24.49  0.00000
16-MAY-1997 00 / 1157:  173.3  2.700  81.90   8.40  18.80  14.60  23.00  16.40  20.49  0.00000
16-JUN-1997 00 / 1158:   31.8  2.500  80.00   8.30  17.60  13.50  21.80  15.30   6.67  0.00000
16-JUL-1997 00 / 1159:   14.4  2.500  84.40   9.70  16.50  11.70  21.40  14.10   5.24  0.00000
16-AUG-1997 00 / 1160:   13.5  2.800  82.60  11.60  16.40  10.60  22.20  13.20   4.83  0.00000
16-SEP-1997 00 / 1161:    2.6  3.900  70.60  13.00  18.90  12.40  25.40  13.60   1.49  0.00000
16-OCT-1997 00 / 1162:  129.1  3.600  83.10  10.40  19.60  14.40  24.80  14.80  15.05  0.00000
16-NOV-1997 00 / 1163:  230.2  3.200  76.30   9.20  18.70  14.10  23.30  15.80  27.45  0.00000
16-DEC-1997 00 / 1164:  152.6  3.800  68.40  11.90  18.60  12.70  24.60  14.50  16.65  0.00000
16-JAN-1998 00 / 1165:  136.3  4.300  58.80  11.40  19.40  13.70  25.10  13.80  17.09  0.00000
15-FEB-1998 00 / 1166:  141.5  4.300  80.10  13.30  20.30  13.70  27.00  14.50  12.04  0.00000
16-MAR-1998 00 / 1167:   94.3  4.400  68.20  11.70  20.90  15.10  26.80  15.50  13.58  0.00000
16-APR-1998 00 / 1168:  151.9  3.200  80.80   9.20  19.80  15.20  24.40  16.90  20.83  0.00000
16-MAY-1998 00 / 1169:  356.5  2.800  84.30   9.50  18.70  14.00  23.50  15.80  27.75  0.00000
16-JUN-1998 00 / 1170:   97.5  2.700  77.10  10.00  17.70  12.70  22.70  14.90  10.70  0.00000
16-JUL-1998 00 / 1171:   25.6  2.600  84.40  10.40  16.50  11.30  21.70  13.60   9.99  0.00000
16-AUG-1998 00 / 1172:   20.2  2.700  82.50   9.40  16.70  12.00  21.40  13.70   5.19  0.00000
16-SEP-1998 00 / 1173:   23.9  3.600  73.00  11.60  18.50  12.70  24.30  14.10   5.04  0.00000
16-OCT-1998 00 / 1174:   18.8  4.400  57.10  13.00  20.00  13.50  26.50  14.60   6.21  0.00000
16-NOV-1998 00 / 1175:   88.2  3.600  76.30  11.10  19.20  13.70  24.80  15.30  17.99  0.00000
16-DEC-1998 00 / 1176:    8.7  4.000  67.10  13.70  18.90  12.10  25.80  14.30   4.94  0.00000
16-JAN-1999 00 / 1177:   15.9  4.600  58.80  14.00  20.00  13.00  27.00  13.80   6.58  0.00000
15-FEB-1999 00 / 1178:    5.6  5.200  59.00  16.00  20.80  12.80  28.80  13.50   2.89  0.00000
16-MAR-1999 00 / 1179:  155.3  4.100  73.30  12.00  20.70  14.70  26.70  15.90  18.51  0.00000
16-APR-1999 00 / 1180:  135.2  3.100  88.10  10.30  19.80  14.70  25.00  16.70  17.29  0.00000
16-MAY-1999 00 / 1181:   43.5  2.900  83.80  10.30  19.10  14.00  24.30  16.00  10.04  0.00000
16-JUN-1999 00 / 1182:   14.5  2.700  77.60  10.20  17.40  12.30  22.50  14.50   4.56  0.00000
16-JUL-1999 00 / 1183:   25.6  2.600  82.40  10.50  16.20  11.00  21.50  13.50   7.18  0.00000
16-AUG-1999 00 / 1184:   27.2  2.700  85.60  10.20  16.80  11.70  21.90  13.60   8.70  0.00000
16-SEP-1999 00 / 1185:    9.3  3.700  72.60  13.20  18.40  11.80  25.00  13.60   3.75  0.00000
16-OCT-1999 00 / 1186:   42.4  4.200  62.00  13.00  19.00  12.50  25.50  13.40   5.82  0.00000
16-NOV-1999 00 / 1187:  151.0  3.400  76.30   9.90  18.70  13.80  23.70  15.10  23.75  0.00000
16-DEC-1999 00 / 1188:   66.0  3.900  67.70  10.80  18.90  13.50  24.30  14.20  10.98  0.00000
16-JAN-2000 00 / 1189:   15.0  4.700  58.80  15.30  19.00  11.40  26.70  12.40   6.11  0.00000
15-FEB-2000 00 / 1190:    6.9  5.200  61.40  16.60  19.90  11.60  28.20  12.40   2.93  0.00000
16-MAR-2000 00 / 1191:   52.1  4.500  64.90  12.50  20.50  14.30  26.80  15.00  11.07  0.00000
16-APR-2000 00 / 1192:   90.5  3.500  84.00  11.20  20.40  14.80  26.00  16.10  15.06  0.00000
16-MAY-2000 00 / 1193:   76.2  3.100  80.80  10.70  19.40  14.10  24.80  15.40  12.90  0.00000
16-JUN-2000 00 / 1194:   35.0  2.600  78.90  10.30  16.90  11.80  22.10  14.30   7.16  0.00000
16-JUL-2000 00 / 1195:    5.5  2.800  80.60  10.60  17.20  11.90  22.50  13.70   3.69  0.00000
16-AUG-2000 00 / 1196:   32.1  3.000  83.00  10.90  17.40  12.00  22.90  13.60  10.19  0.00000
16-SEP-2000 00 / 1197:   16.4  3.700  73.00  13.20  18.00  11.40  24.60  12.90   4.36  0.00000
16-OCT-2000 00 / 1198:   35.5  4.200  68.80  13.40  19.20  12.50  25.90  13.30   6.90  0.00000
16-NOV-2000 00 / 1199:  113.0  3.600  76.30   9.50  19.40  14.70  24.20  15.20  20.22  0.00000
16-DEC-2000 00 / 1200:   59.4  3.700  65.00  10.00  18.70  13.70  23.70  14.60   9.85  0.00000
16-JAN-2001 00 / 1201:  157.2  4.400  58.80  10.10  19.80  14.80  24.90  13.70  19.12  0.00000
15-FEB-2001 00 / 1202:   13.1  4.800  60.00  12.70  20.90  14.60  27.30  14.40   5.32  0.00000
16-MAR-2001 00 / 1203:  138.5  4.600  62.40  13.20  21.10  14.50  27.70  15.50  18.28  0.00000
16-APR-2001 00 / 1204:  153.0  3.300  78.80   9.60  20.00  15.20  24.80  16.70  18.08  0.00000
16-MAY-2001 00 / 1205:  102.3  2.900  83.90   9.30  19.20  14.60  23.90  16.00  14.62  0.00000
16-JUN-2001 00 / 1206:   40.3  2.600  78.90   9.50  17.00  12.30  21.80  14.50   7.50  0.00000
16-JUL-2001 00 / 1207:   21.8  2.600  85.40  10.20  16.50  11.40  21.60  13.30   6.44  0.00000
16-AUG-2001 00 / 1208:   19.8  3.000  82.50  12.40  16.90  10.70  23.10  12.90   6.92  0.00000
16-SEP-2001 00 / 1209:   16.7  3.900  74.00  13.80  18.80  11.90  25.70  13.30   3.84  0.00000
16-OCT-2001 00 / 1210:   51.1  4.300  70.00  13.00  20.20  13.70  26.70  14.10   8.06  0.00000
16-NOV-2001 00 / 1211:  161.4  3.600  76.30  10.20  19.20  14.10  24.30  15.30  20.35  0.00000
16-DEC-2001 00 / 1212:   36.1  4.100  65.00  12.50  19.40  13.20  25.70  14.40   7.79  0.00000
16-JAN-2002 00 / 1213:   54.3  4.400  58.80  11.80  19.80  13.90  25.70  14.20  11.87  0.00000
15-FEB-2002 00 / 1214:   99.0  4.600  74.60  13.00  20.60  14.10  27.10  13.70  11.78  0.00000
16-MAR-2002 00 / 1215:   57.7  4.200  73.80  10.90  20.90  15.50  26.40  15.70  12.86  0.00000
16-APR-2002 00 / 1216:  280.0  3.000  94.70   8.70  20.40  16.10  24.80  17.20  24.07  0.00000
16-MAY-2002 00 / 1217:  210.7  3.000  83.30   9.90  19.60  14.70  24.60  16.00  22.05  0.00000
16-JUN-2002 00 / 1218:   17.2  2.700  80.00  10.20  17.80  12.70  22.90  14.70   3.99  0.00000
16-JUL-2002 00 / 1219:    7.6  2.700  83.80  11.00  17.00  11.50  22.50  13.50   3.86  0.00000
16-AUG-2002 00 / 1220:   26.6  2.900  82.50   9.50  17.50  12.80  22.30  14.20   8.73  0.00000
16-SEP-2002 00 / 1221:   58.8  3.800  71.30  12.40  19.00  12.80  25.20  13.90   7.61  0.00000
16-OCT-2002 00 / 1222:   65.6  4.200  64.20  11.70  20.10  14.30  26.00  14.70  12.85  0.00000
16-NOV-2002 00 / 1223:  121.6  3.500  76.30   9.40  19.60  14.90  24.30  16.10  17.96  0.00000
16-DEC-2002 00 / 1224:  207.0  3.900  65.00  10.20  19.60  14.50  24.70  15.30  16.42  0.00000
16-JAN-2003 00 / 1225:   29.7  4.900  54.10  13.80  20.30  13.40  27.20  13.60   7.31  0.00000
15-FEB-2003 00 / 1226:    8.5  5.600  44.20  15.50  21.30  13.60  29.10  13.80   3.96  0.00000
16-MAR-2003 00 / 1227:   60.6  5.000  53.60  14.10  21.50  14.50  28.60  15.40  12.81  0.00000
16-APR-2003 00 / 1228:  220.0  3.900  64.80  11.40  21.10  15.40  26.80  17.10  18.90  0.00000
16-MAY-2003 00 / 1229:  249.9  2.500  99.20   8.60  19.80  15.50  24.10  17.40  23.66  0.00000
16-JUN-2003 00 / 1230:   31.0  2.600  82.30   9.30  18.00  13.40  22.70  15.50   7.32  0.00000
16-JUL-2003 00 / 1231:    9.2  2.500  82.80  10.20  16.50  11.40  21.60  14.40   4.67  0.00000
16-AUG-2003 00 / 1232:   10.7  3.000  78.30  11.80  17.00  11.10  22.90  13.70   4.63  0.00000
16-SEP-2003 00 / 1233:   26.2  3.700  73.40  12.30  18.70  12.60  24.90  13.90   4.89  0.00000
16-OCT-2003 00 / 1234:   26.7  4.200  67.70  12.50  19.80  13.60  26.10  14.30   5.61  0.00000
16-NOV-2003 00 / 1235:   61.1  4.100  53.90  11.30  19.60  14.00  25.30  15.50  14.21  0.00000
16-DEC-2003 00 / 1236:   53.2  4.300  60.50  12.60  20.10  13.80  26.40  14.90  11.44  0.00000
16-JAN-2004 00 / 1237:   97.2  4.600  61.50  12.40  20.60  14.40  26.80  14.40  15.36  0.00000
15-FEB-2004 00 / 1238:   39.2  4.700  63.00  11.70  21.30  15.50  27.20  15.10   8.46  0.00000
16-MAR-2004 00 / 1239:   60.5  4.200  68.90  12.20  20.70  14.60  26.80  15.90  12.02  0.00000
16-APR-2004 00 / 1240:  130.0  3.200  80.10   9.80  19.80  14.90  24.70  17.30  16.96  0.00000
16-MAY-2004 00 / 1241:   73.3  3.100  74.80  10.20  19.20  14.10  24.30  16.10  11.60  0.00000
16-JUN-2004 00 / 1242:   22.2  2.600  77.40  10.20  17.40  12.30  22.50  15.10   5.59  0.00000
16-JUL-2004 00 / 1243:    7.3  2.800  74.60  11.90  16.60  10.70  22.60  13.80   3.96  0.00000
16-AUG-2004 00 / 1244:    7.7  3.000  76.30  12.00  16.90  10.90  22.90  13.80   3.64  0.00000
16-SEP-2004 00 / 1245:   19.8  3.600  71.30  12.80  18.40  12.00  24.80  14.10   4.30  0.00000
16-OCT-2004 00 / 1246:   64.6  3.700  70.40  11.60  18.80  13.00  24.60  14.60  10.95  0.00000
16-NOV-2004 00 / 1247:   79.8  3.400  73.80  10.40  18.80  13.60  24.00  15.70  17.18  0.00000
16-DEC-2004 00 / 1248:   69.9  3.700  64.90  10.90  18.80  13.40  24.30  15.20  10.91  0.00000
16-JAN-2005 00 / 1249:   26.6  4.500  53.20  14.10  18.80  11.80  25.90  13.30   7.48  0.00000
15-FEB-2005 00 / 1250:   19.2  5.400  46.90  16.20  20.20  12.10  28.30  13.00   5.32  0.00000
16-MAR-2005 00 / 1251:   61.4  4.700  60.40  14.10  20.60  13.60  27.70  14.80  11.93  0.00000
16-APR-2005 00 / 1252:  123.8  3.700  73.40  10.20  20.80  15.70  25.90  16.50  16.06  0.00000
16-MAY-2005 00 / 1253:  147.1  2.900  74.80   9.90  18.60  13.70  23.60  16.10  18.01  0.00000
16-JUN-2005 00 / 1254:   17.5  2.500  82.10   9.40  17.30  12.60  22.00  14.90   4.41  0.00000
16-JUL-2005 00 / 1255:    8.6  2.400  85.30   9.90  16.20  11.30  21.20  14.00   4.51  0.00000
16-AUG-2005 00 / 1256:   18.4  2.800  80.90  11.00  16.70  11.20  22.20  13.70   7.51  0.00000
16-SEP-2005 00 / 1257:   13.9  3.700  71.10  12.80  18.40  12.00  24.80  13.60   4.11  0.00000
16-OCT-2005 00 / 1258:   64.1  4.100  68.60  12.50  19.40  13.20  25.70  14.30  11.22  0.00000
16-NOV-2005 00 / 1259:   52.1  4.100  52.60  11.20  19.50  13.90  25.10  15.60  16.66  0.00000
16-DEC-2005 00 / 1260:   31.2  4.500  47.80  14.00  19.20  12.20  26.20  14.00   5.92  0.00000
16-JAN-2006 00 / 1261:   32.7  4.900  54.90  14.30  20.20  13.10  27.40  13.60   8.48  0.00000
15-FEB-2006 00 / 1262:   39.3  5.400  43.00  15.20  20.90  13.30  28.50  13.70  10.57  0.00000
16-MAR-2006 00 / 1263:  146.0  4.300  66.60  10.60  21.10  15.80  26.40  16.20  16.61  0.00000
16-APR-2006 00 / 1264:  230.0  3.400  71.50   9.80  19.80  14.90  24.70  16.60  22.01  0.00000
16-MAY-2006 00 / 1265:  166.8  2.900  73.00   9.50  18.70  14.00  23.50  16.30  18.22  0.00000
16-JUN-2006 00 / 1266:   21.1  2.700  74.50  10.60  17.50  12.20  22.80  14.80   7.36  0.00000
16-JUL-2006 00 / 1267:   11.4  2.600  85.30  10.10  16.70  11.70  21.80  13.50   6.81  0.00000
16-AUG-2006 00 / 1268:   23.3  2.900  80.00  11.20  17.40  11.80  23.00  14.10   6.65  0.00000
16-SEP-2006 00 / 1269:   52.1  3.400  75.30  12.30  18.00  11.90  24.20  14.00   8.33  0.00000
16-OCT-2006 00 / 1270:  109.8  4.100  70.40  12.20  20.00  13.90  26.10  14.80  14.27  0.00000
16-NOV-2006 00 / 1271:  254.3  3.100  84.00   8.60  19.00  14.70  23.30  16.10  30.00  0.00000
16-DEC-2006 00 / 1272:  128.5  3.300  77.00   9.10  18.60  14.10  23.20  15.50  14.27  0.00000
16-JAN-2007 00 / 1273:   50.0  4.400  60.40  12.50  19.60  13.40  25.90  13.70  10.33  0.00000
15-FEB-2007 00 / 1274:   32.9  4.900  57.50  14.10  20.10  13.10  27.20  13.60   7.96  0.00000
16-MAR-2007 00 / 1275:   68.4  4.400  67.10  12.70  20.40  14.10  26.80  14.90  12.64  0.00000
16-APR-2007 00 / 1276:  123.0  3.600  74.20  11.10  19.80  14.30  25.40  16.00  16.56  0.00000
16-MAY-2007 00 / 1277:  155.6  3.000  76.80   9.70  19.20  14.40  24.10  16.00  18.96  0.00000
16-JUN-2007 00 / 1278:   20.1  2.700  74.50  10.30  17.10  12.00  22.30  14.60   5.26  0.00000
16-JUL-2007 00 / 1279:   23.7  2.700  78.10  10.80  15.80  10.40  21.20  12.90   5.99  0.00000
16-AUG-2007 00 / 1280:   39.3  2.900  80.90  11.10  17.00  11.50  22.60  13.70  11.06  0.00000
16-SEP-2007 00 / 1281:   31.5  3.800  71.40  12.60  18.70  12.40  25.00  13.70   5.73  0.00000
16-OCT-2007 00 / 1282:   33.2  4.400  61.20  12.80  19.90  13.50  26.30  14.20   8.99  0.00000
16-NOV-2007 00 / 1283:   92.5  3.600  69.00  11.30  18.90  13.30  24.60  15.50  18.62  0.00000
16-DEC-2007 00 / 1284:   86.3  3.900  60.60  11.50  19.10  13.40  24.90  14.90  12.01  0.00000
16-JAN-2008 00 / 1285:   39.4  4.800  53.40  14.00  19.80  12.80  26.80  13.20   9.09  0.00000
15-FEB-2008 00 / 1286:   53.6  4.800  59.80  14.00  19.70  12.70  26.70  13.30  10.10  0.00000
16-MAR-2008 00 / 1287:  200.2  4.100  80.80  11.90  20.10  14.20  26.10  14.60  20.92  0.00000
16-APR-2008 00 / 1288:  141.4  3.500  67.70  10.20  19.40  14.30  24.50  16.00  21.21  0.00000
16-MAY-2008 00 / 1289:  102.8  3.000  75.80  10.10  18.40  13.40  23.50  15.30  16.30  0.00000
16-JUN-2008 00 / 1290:   20.0  2.500  80.50   9.70  16.80  12.00  21.70  14.30   5.14  0.00000
16-JUL-2008 00 / 1291:   11.9  2.700  80.00  11.10  16.40  10.90  22.00  13.30   5.32  0.00000
16-AUG-2008 00 / 1292:   12.8  3.000  79.70  11.40  17.60  11.90  23.30  13.80   5.47  0.00000
16-SEP-2008 00 / 1293:   29.7  4.100  66.20  13.50  19.40  12.70  26.20  13.90   5.79  0.00000
16-OCT-2008 00 / 1294:   39.5  4.100  67.60  12.40  19.60  13.40  25.80  14.60   7.01  0.00000
16-NOV-2008 00 / 1295:  133.6  3.500  71.90  10.70  18.70  13.40  24.10  15.30  23.13  0.00000
16-DEC-2008 00 / 1296:   35.6  4.200  54.40  12.60  19.00  12.70  25.30  14.20   7.14  0.00000
16-JAN-2009 00 / 1297:   51.8  4.800  53.10  14.10  20.00  13.00  27.10  13.60  10.88  0.00000
15-FEB-2009 00 / 1298:   44.4  4.800  58.50  14.10  19.80  12.80  26.90  13.60   9.17  0.00000
16-MAR-2009 00 / 1299:   28.5  4.900  54.60  13.80  21.00  14.10  27.90  15.10   8.92  0.00000
16-APR-2009 00 / 1300:  182.1  3.800  72.10  11.40  20.90  15.20  26.60  16.80  19.69  0.00000
16-MAY-2009 00 / 1301:  154.0  3.100  75.30   9.90  19.30  14.40  24.30  16.10  18.77  0.00000
16-JUN-2009 00 / 1302:   44.3  2.700  75.60  10.30  17.90  12.80  23.10  15.20   6.91  0.00000
16-JUL-2009 00 / 1303:   10.5  2.800  76.60  11.30  17.00  11.40  22.70  13.90   5.41  0.00000
16-AUG-2009 00 / 1304:   13.3  3.000  81.30  11.00  17.90  12.40  23.40  14.30   5.36  0.00000
16-SEP-2009 00 / 1305:    7.4  3.900  68.70  13.10  19.20  12.70  25.80  14.00   2.37  0.00000
16-OCT-2009 00 / 1306:   98.6  4.100  70.00  11.90  20.10  14.20  26.10  14.70  12.81  0.00000
16-NOV-2009 00 / 1307:  129.2  3.600  76.40   9.80  19.50  14.60  24.40  15.60  22.43  0.00000
16-DEC-2009 00 / 1308:  135.6  4.300  54.20  11.40  20.40  14.70  26.10  15.50  13.58  0.00000
16-JAN-2010 00 / 1309:   72.3  4.600  58.10  13.20  20.20  13.60  26.80  14.30  13.03  0.00000
15-FEB-2010 00 / 1310:   72.0  4.700  60.70  13.80  20.30  13.40  27.20  14.10  10.47  0.00000
16-MAR-2010 00 / 1311:  135.5  4.400  73.30  12.80  21.00  14.60  27.40  15.40  17.75  0.00000
16-APR-2010 00 / 1312:  203.9  3.800  65.20   9.60  20.70  15.90  25.50  16.80  21.04  0.00000
16-MAY-2010 00 / 1313:  118.8  2.800  90.50   9.50  19.20  14.50  24.00  15.90  16.56  0.00000
16-JUN-2010 00 / 1314:   15.9  2.600  82.70   9.60  17.60  12.80  22.40  14.80   4.27  0.00000
16-JUL-2010 00 / 1315:    6.5  2.600  81.20  10.70  16.40  11.10  21.80  13.70   3.22  0.00000
16-AUG-2010 00 / 1316:    6.8  2.900  82.00  11.10  17.30  11.80  22.90  13.80   4.43  0.00000
16-SEP-2010 00 / 1317:   12.1  3.600  74.10  12.40  18.50  12.30  24.70  13.90   3.84  0.00000
16-OCT-2010 00 / 1318:   31.0  4.200  75.00  13.10  20.20  13.70  26.80  14.30   5.86  0.00000
16-NOV-2010 00 / 1319:   87.1  3.700  68.90  10.70  19.40  14.10  24.80  15.50  20.40  0.00000
16-DEC-2010 00 / 1320:   59.4  4.500  44.20  11.80  19.90  14.00  25.80  14.90   8.98  0.00000
