EGS4023 2014 data
cdl : cloud cover
Pet : Potential evapotranspitation
Pre : Precipitation
Tmn : Minimum Temperature
Tmp :Mean Temperature
Tmx : Maximum Temperature
Vap : Vapour Pressure
Wet :wet day frequency
spei : standardized precipitation-evapotranspiration index
MEI : Multivariate ENSO Index
NINO34: East Central Tropical Pacific Sea Surface Temperature (SST)
QBO : Quasi-Biennial Oscillation
SOI:Southern Oscillation Index 
AO : Artic Oscillation
ONI : Oceanic Nino Index 
WP : Western Pacific Index

data obtained from:
http://www.esrl.noaa.gov/psd/data/climateindices/list/


Year	Month	Cld	Pet	Pre	Tmn	Tmp	Tmx	Vap	Wet	spei01	MEI	NINO34	QBO	SOI	AO	ONI	WP
1960	1	49.84	5.12	41.84	17.65	24.75	31.9	19.68	6.39	-1.19	-0.31	26.25	4.79	0.2	-2.48	-0.15	-0.03
1960	2	56.89	4.31	81.64	18.42	24.26	30.14	21.04	8.08	-0.05	-0.26	26.27	3.39	0.2	-2.21	-0.36	0.54
1960	3	44.22	4.24	49	16.91	23.67	30.47	19.3	7.17	-0.4	-0.08	26.97	-0.04	1.7	-1.62	-0.18	-1.48
1960	4	46.3	3.25	46.74	13.67	20.6	27.58	16.52	4.45	0.99	0.02	27.51	-1.08	1.3	-0.3	-0.06	-0.21
1960	5	29.88	2.83	6.19	8.77	17.19	25.66	12.18	2.27	-0.14	-0.32	27.62	-3.91	0.9	-0.86	0	-0.1
1960	6	42.45	2.16	13.44	7.5	15.2	22.96	12.12	2.35	1.42	-0.24	27.24	-8.98	0.2	0.06	-0.14	0.45
1960	7	27.83	2.57	4.57	5.01	13.89	22.81	9.34	3.12	0.23	-0.36	27.07	-13.86	0.8	-0.62	0.08	0.02
1960	8	31.76	3.52	6.02	9.55	18.36	27.21	12.3	0.48	-0.11	-0.25	26.85	-16.04	1.3	-1.01	0.32	0.6
1960	9	40.25	4.35	6.36	12.68	20.51	28.39	13.45	2.56	0.35	-0.47	26.6	-16.01	1.1	-0.38	0.26	0.4
1960	10	45.13	5.28	18.33	16.61	24.05	31.54	16.69	4.36	-0.76	-0.36	26.35	-15.62	0.2	-1.19	0.08	0.84
1960	11	66.37	4.27	110.91	17.3	23.15	29.05	19.19	8.36	1.28	-0.34	26.34	-14.42	0.9	-0.55	0.08	-0.51
1960	12	62.39	4.69	124.14	18.53	24.69	30.91	20.41	12.12	0.72	-0.43	26.41	-11.36	1.3	-0.34	0.11	0.08
1961	1	54.45	4.75	60.98	17.82	24.17	30.58	20.24	7.83	-0.6	-0.15	26.38	-5.47	-0.4	-1.51	0.01	-0.61
1961	2	55.94	4.24	130.22	17.98	23.78	29.63	20.92	10.4	0.85	-0.27	26.61	-0.62	1.5	0.62	0.01	-1.26
1961	3	56.46	3.67	60.66	17.82	23.36	28.94	21.28	6.7	0.22	-0.08	27	0.54	-3	0.34	-0.1	-0.16
1961	4	44.06	3.3	49.97	14.86	21.58	28.35	18.31	6.19	0.98	0.02	27.5	2.82	1.3	-0.24	0.01	0.37
1961	5	31.07	2.93	10.36	11.03	19.3	27.62	14.6	2.02	-0.2	-0.28	27.85	6.88	0.5	0.16	0.3	1.44
1961	6	49.04	2.15	29.92	8.34	15.62	22.95	12.22	5.58	2.08	-0.07	27.86	7.96	0.2	0.84	0.54	1.47
1961	7	45.95	2.28	3.42	7.98	15.38	22.84	11.95	0.41	1.46	-0.15	27.16	6.69	0.4	-0.11	0.21	2.13
1961	8	40.94	3.02	7.93	8.09	15.93	23.81	11.19	2.32	1.65	-0.23	26.43	5.6	0.2	0.01	-0.09	0.88
1961	9	37.2	4.52	8.62	12.91	21.09	29.33	13.8	3.02	0.07	-0.26	25.97	6.02	0.1	0.82	-0.38	1.09
1961	10	36.49	5.43	16.81	15.01	22.96	30.96	15.18	4.14	-1.06	-0.52	25.94	7.59	-0.5	0.2	-0.34	0.69
1961	11	58.85	4.71	59.12	16.64	23.06	29.53	17.4	7.84	-0.08	-0.44	26.2	8.74	0.9	-0.01	-0.04	0.14
1961	12	58.06	4.73	57.95	17.56	23.76	30.01	19.19	8.81	-0.48	-0.64	26.2	6.25	2.5	-1.67	-0.07	-2.92
1962	1	58.02	4.68	98.77	18.78	24.7	30.66	20.77	9.5	0.03	-1.09	26.12	2.84	3.3	1.64	-0.24	-1.92
1962	2	49.3	4.67	45.1	18.89	25.3	31.76	22.47	6.41	-0.88	-0.99	26.28	3.68	-0.5	-0.36	-0.31	-0.13
1962	3	45.21	4.19	48.48	17.04	23.72	30.45	19.69	5.76	-0.38	-0.72	26.8	5.26	0.2	-2.85	-0.29	-0.3
1962	4	44.78	3.28	54.43	14.23	21.11	28.05	17.52	5.02	1.18	-1.02	27.22	2.04	0.3	1.17	-0.27	-1.18
1962	5	35.5	2.6	2.52	8.87	16.6	24.38	12.53	1.06	0.2	-0.92	27.23	-3.64	1.8	0.07	-0.32	0.24
1962	6	7.52	2.74	1.9	6.39	16.1	25.87	11.49	0.11	-999	-0.85	27.18	-11.42	1.2	0.29	-0.12	2
1962	7	23.92	2.5	0.44	6.02	14.73	23.48	11.27	0.17	0.12	-0.72	26.93	-15.49	0.1	-0.93	0	1.13
1962	8	23.13	3.46	4.44	8.58	17.5	26.47	12.27	2.18	-0.11	-0.55	26.52	-15	1	0.15	0.01	1.6
1962	9	20.65	5.01	1.49	12.38	21.35	30.38	13.18	0.5	-999	-0.55	26.07	-15.19	0.7	-0.06	-0.27	0.41
1962	10	42.19	5.51	11.08	17.09	24.72	32.4	16.89	3.08	-1.44	-0.66	26.06	-15.33	1.6	-0.02	-0.22	0.62
1962	11	61.6	4.69	125.41	18.29	24.25	30.25	19.17	10.94	1.33	-0.6	25.88	-15.4	0.5	-1.11	-0.36	0.16
1962	12	64.34	4.53	103.64	18.51	23.99	29.54	19.45	10.7	0.27	-0.48	25.75	-15.16	0.3	-0.71	-0.52	-0.68
1963	1	58.4	4.56	68.86	18	23.98	30.01	20.21	9.57	-0.33	-0.7	25.86	-17.35	1.7	-3.31	-0.5	-3.28
1963	2	53.3	4.33	62.75	17.9	23.74	29.63	20.54	6.82	-0.63	-0.84	26.39	-16.68	0.9	-1.72	-0.21	-2.32
1963	3	41.33	4.16	22.92	15.62	22.48	29.39	18.3	5.68	-1.06	-0.7	27.31	-19.93	1.9	0.72	0.21	-0.93
1963	4	43.79	3.19	53.79	13.41	20.04	26.72	16.33	6.23	1.3	-0.82	27.87	-21.52	1.3	-0.35	0.37	0.96
1963	5	31.46	2.6	4.01	8.17	16.18	24.24	12.47	2.12	0.34	-0.47	27.71	-24.18	0.6	0.77	0.16	2.03
1963	6	40.6	2.26	21.94	6.58	14.37	22.21	10.35	4.85	1.71	-0.03	27.69	-20.08	-0.8	-0.58	0.38	2.72
1963	7	25.99	2.47	6.51	5.71	14.21	22.76	10.7	3.51	0.69	0.46	27.91	-9.27	-0.2	-0.3	0.97	1.99
1963	8	21.65	3.51	1.25	7.35	16.47	25.65	10.53	0.21	-0.64	0.63	27.63	-1.35	0	-0.62	1.13	0.96
1963	9	27.28	4.77	0.56	12.46	21.05	29.68	13.39	0.38	-1.13	0.76	27.47	3.52	-1	0.08	1.11	-0.12
1963	10	49.9	4.96	40.31	16.6	23.46	30.38	16.73	5.75	0.29	0.83	27.56	7.54	-2	1.07	1.28	1.47
1963	11	58.06	4.91	29.55	18.05	24.51	31.02	18.98	5.81	-1.04	0.86	27.61	8.87	-1.4	-0.42	1.36	-1.45
1963	12	54.78	4.97	89.65	18.26	24.57	30.92	19.73	8.9	-0.11	0.75	27.71	5.48	-2	-1.18	1.43	0.02
1964	1	55.51	4.9	77.91	19.03	25.15	31.32	20.49	10.71	-0.33	0.86	27.43	3.94	-0.6	0.38	1.05	-0.16
1964	2	54	4.5	63.8	19.05	25.28	31.54	22.51	8.67	-0.45	0.45	27.27	5.26	0.1	-0.57	0.67	0.01
1964	3	43.57	4.5	20.14	18.62	25.55	32.53	21.28	4.65	-1.51	-0.29	27.1	5.46	1.9	-0.56	0.01	-0.29
1964	4	40.74	3.51	10.68	14.33	21.42	28.55	16.24	2.55	-0.87	-0.62	27.06	5.94	1.8	0.66	-0.44	1.99
1964	5	33.48	2.67	2.26	9.63	17.44	25.3	13.45	1.43	-0.06	-1.27	26.94	6.32	0.4	1.17	-0.61	0.19
1964	6	17.2	2.39	0.19	4.57	13.56	22.6	10.02	0.39	-0.33	-1.09	26.66	2.23	1.2	0.14	-0.64	-0.88
1964	7	28.19	2.37	0.34	4.6	13.02	21.49	9.7	0.48	0.83	-1.4	26.42	-0.56	0.9	0.73	-0.51	1.86
1964	8	32.92	3.18	3.94	8.18	16.35	24.56	11.42	0.67	0.95	-1.5	25.74	-0.57	2.5	-1.21	-0.76	1.23
1964	9	33.68	4.63	0.26	12.4	20.63	28.92	12.58	0.27	-0.75	-1.29	25.49	-0.67	2.1	-0.23	-0.86	0.46
1964	10	54.02	4.75	61.04	16.5	23.06	29.67	16.69	6.76	0.99	-1.21	25.53	0.42	2.2	0.34	-0.74	1.41
1964	11	53.11	5.11	61.95	17.44	24.07	30.75	17.53	7.08	-0.29	-1.19	25.4	0.71	0.3	-0.34	-0.84	-0.79
1964	12	66.22	4.28	125.69	17.82	23.17	28.57	19.27	12.3	0.77	-0.9	25.42	0.04	-0.5	-0.25	-0.86	-0.43
1965	1	57.87	4.68	60.81	18.52	24.53	30.59	20.43	6.39	-0.51	-0.52	25.78	-1.03	-0.7	-1.05	-0.58	-1
1965	2	46.85	4.97	32.42	18.92	25.82	32.77	21.6	6.4	-1.3	-0.32	26.37	-2.26	0.7	-2.08	-0.23	-1.04
1965	3	44.98	4.3	8.35	17.07	23.96	30.91	19.28	3.49	-1.65	-0.25	27.12	-1.98	1.2	-0.9	0.03	-1.17
1965	4	40.2	3.41	11.69	13.79	20.81	27.88	16.23	2.75	-0.6	0.1	27.62	-3.44	-0.9	0.57	0.12	0.49
1965	5	28.45	2.86	2.43	9.34	17.59	25.89	12.53	1	-0.66	0.54	28.07	-7.1	0.3	-0.15	0.52	1.18
1965	6	27.08	2.3	1.38	5.35	13.65	21.99	10	0.67	0.16	0.96	28.19	-12.01	-0.9	0.04	0.89	1.19
1965	7	23.67	2.65	0.29	6.34	15.02	23.75	10.32	0.39	-0.72	1.4	28.02	-16	-3	-0.51	1.09	2.64
1965	8	29.04	3.47	1.75	9.59	18.12	26.7	12.43	0.32	-0.34	1.48	28.07	-18.19	-1.1	-0.26	1.57	1.62
1965	9	38.68	4.26	20.08	12.04	19.8	27.61	13.1	3.83	1.12	1.4	28.03	-20.03	-2.2	-0.7	1.68	-1.29
1965	10	41.11	5	12.25	13.7	21.35	29.06	14.47	3.67	-0.6	1.22	28.26	-20.13	-1.5	0.39	1.97	1.57
1965	11	64.27	4.57	61.95	17.88	23.72	29.61	18.26	8.07	0.12	1.37	28.29	-19.74	-2.4	-1.34	2.04	1.56
1965	12	51.78	5.36	44.36	19.03	26.1	33.21	21.04	7.71	-1.43	1.26	28.07	-21.27	0.3	0.16	1.79	0.38
1966	1	55.9	5	101	20.24	26.57	32.95	22.86	11.7	-0.01	1.31	27.75	-21.9	-2.2	-3.23	1.29	0.42
1966	2	66.98	3.83	130.73	19.14	24.1	29.11	22.3	9.08	0.9	1.19	27.66	-17.14	-0.4	-1.44	0.99	0.73
1966	3	46.94	4.05	17.42	16.24	22.8	29.41	18.63	5.01	-1.14	0.7	28.22	-11.07	-1.5	-0.91	1.07	-0.76
1966	4	44.43	3.23	6.94	13.64	20.4	27.21	16.48	2.93	-0.54	0.56	28.24	-2.33	-0.3	-1.84	0.74	0.08
1966	5	23.19	2.93	11.73	8.94	17.58	26.26	12.54	2.85	-0.13	-0.13	27.67	2.16	-0.7	1.12	0.06	0.51
1966	6	46	2.21	9.97	8.3	15.71	23.17	12	2.26	1.22	-0.12	27.77	5.42	0.5	0.41	0.35	-1.03
1966	7	22.33	2.64	0.11	6.75	15.47	24.23	11.13	0.31	-0.77	-0.15	27.42	7.47	0.1	0.01	0.37	2.82
1966	8	27.4	3.38	4.59	8.51	17.2	25.95	11.94	0.54	0.3	0.17	26.65	7.63	1.1	-0.94	0.03	-0.34
1966	9	45.13	4.05	13.29	12.36	19.78	27.25	13.67	3.02	1.14	-0.09	26.49	9.23	-0.4	0.01	-0.04	0.55
1966	10	46.2	5.03	22.52	14.88	22.23	29.62	14.79	3.95	-0.27	-0.01	26.4	11	-0.2	-1.08	-0.09	-0.96
1966	11	54.49	5.02	55.87	18.09	24.61	31.18	19.14	7.18	-0.41	0.03	26.42	11.74	0	0.11	-0.08	0.95
1966	12	63.76	4.53	101.31	19.19	24.74	30.33	21.27	9.96	0.35	-0.18	26.21	13.26	-0.6	-1.4	-0.25	-1.34
1967	1	64.52	4.48	152.48	19.41	24.88	30.39	20.98	10.29	0.94	-0.47	26.18	11.03	2.8	-0.58	-0.29	0.86
1967	2	64.27	3.97	138.33	18.01	23.3	28.64	19.97	9.88	1.04	-0.94	26.35	10.49	2.8	1.18	-0.31	0
1967	3	52.76	3.8	45.55	16.69	22.69	28.74	19.38	5.53	-0.21	-1.08	26.67	10.94	2	1.97	-0.47	0.02
1967	4	56.87	2.97	62.28	15.02	21.1	27.22	18.23	5.71	1.54	-1.07	26.91	10.13	-0.1	1.7	-0.58	1.51
1967	5	39.57	2.55	3.35	10.27	17.74	25.27	14.53	1.79	0.4	-0.48	27.49	5.79	0	0.13	-0.11	-1.38
1967	6	29.85	2.25	2.94	6.73	14.93	23.16	12.04	2.49	0.58	-0.36	27.62	-0.58	1.1	0.65	0.2	-0.4
1967	7	33.14	2.31	6.36	5.21	13.36	21.56	10.25	3.12	1.47	-0.64	27.17	-5.65	0.3	0.26	0.12	0.31
1967	8	36.87	3.03	6.38	8.06	16.02	24.05	11.75	3.5	1.53	-0.43	26.62	-6.76	1.2	-0.29	-0.02	0.15
1967	9	33.76	4.5	1.44	11.87	19.96	28.09	12.31	0.54	-0.28	-0.63	26.1	-6.06	0.8	0.13	-0.43	0.01
1967	10	52.72	4.8	22.71	16.18	23.01	29.9	16.64	4.77	0.05	-0.68	26.19	-4.82	0.1	1.3	-0.31	-0.8
1967	11	55.36	4.94	46.43	17.45	23.99	30.59	18.35	7.27	-0.6	-0.42	26.26	-6.05	-0.7	0.33	-0.24	-0.59
1967	12	55.14	5	41.29	17.94	24.55	31.2	19.52	7.18	-1.22	-0.37	26.1	-7.27	-0.9	-0.35	-0.36	-0.56
1968	1	49.93	5.35	30	19.55	26.53	33.55	21.61	5.34	-1.64	-0.59	25.78	-8.38	0.9	-0.41	-0.68	-2.08
1968	2	52.3	4.64	70.77	18.74	24.88	31.08	20.52	7.28	-0.38	-0.7	25.79	-10.21	2.1	-2.15	-0.87	-3.18
1968	3	56.28	3.82	37.71	17.07	23.07	29.12	19.28	6.43	-0.39	-0.61	26.38	-9.11	0.2	1.74	-0.76	-0.04
1968	4	47.97	3.15	51.92	13.52	20.12	26.77	16.24	6.09	1.28	-0.97	27.09	-12.25	0	0.33	-0.41	-0.91
1968	5	42.04	2.55	24.58	10.42	17.76	25.14	14.21	2.73	1.53	-1.09	27.15	-14.39	2.1	-0.24	-0.45	-0.93
1968	6	29.75	2.14	7.69	4.34	12.54	20.79	9.88	2.5	1.15	-0.72	27.69	-19.27	1.8	0.42	0.27	-1.19
1968	7	25.88	2.64	1.31	7.09	15.68	24.33	11.22	0.35	-0.58	-0.55	27.61	-21	1.1	-0.84	0.56	1.18
1968	8	33.89	3.37	2.14	9.69	18	26.37	12.44	2.07	0.01	-0.12	27.12	-21.82	0.4	-0.67	0.49	0.64
1968	9	34.46	4.52	0.24	12.07	20.23	28.44	12.67	0.43	-0.43	0.23	26.9	-17.45	-0.4	-1.01	0.37	-0.72
1968	10	42.21	5.32	13.12	15.95	23.64	31.38	16.26	4.53	-1.06	0.42	26.99	-14.58	-0.1	-1.01	0.49	0.97
1968	11	62.54	4.34	89.78	16.16	22.05	27.98	17.29	7.53	0.91	0.6	27.38	-13.11	-0.6	-2.18	0.88	-0.97
1968	12	62.09	4.63	109.68	18.93	24.84	30.8	21.27	9.5	0.41	0.36	27.42	-11.36	0.3	-0.78	0.97	0.64
1969	1	53.91	5.05	57.52	19.63	26.18	32.79	22.35	7.56	-0.87	0.69	27.55	-8.58	-2.4	-2.97	1.09	-0.71
1969	2	54.56	4.73	49.07	20.37	26.56	32.8	23.11	7.35	-0.78	0.87	27.95	-4.43	-0.9	-3.11	1.29	0.61
1969	3	63.81	3.43	177.58	18.02	23.17	28.38	21.28	11.06	1.78	0.44	28.02	-1.5	0.7	-1.58	0.88	0.56
1969	4	46.78	3.18	25.75	14.8	21.21	27.68	18.19	4.26	0.4	0.62	28.39	3.98	-0.6	0.44	0.89	1.58
1969	5	35.12	2.63	7.69	9.64	17.3	25.02	13.55	2.67	0.54	0.71	28.5	8.18	-0.4	-0.72	0.89	1.65
1969	6	31.41	2.42	1.05	7.58	15.9	24.28	11.88	0.46	-0.33	0.8	27.99	9.35	0.3	-0.35	0.58	1.37
1969	7	27.18	2.51	2.82	6.71	15.14	23.62	11.42	0.38	0.41	0.42	27.3	9.08	-0.8	0.41	0.26	-0.61
1969	8	35.19	3.18	0.43	9.25	17.25	25.29	12.52	0.42	0.71	0.14	27.16	9.78	-0.2	-0.78	0.54	-2.18
1969	9	35.74	4.49	27.82	11.96	20.06	28.22	12.34	3.18	1.11	0.16	27.34	9.74	-1.6	-0.08	0.82	0.25
1969	10	60.73	4.41	82.95	16.47	22.58	28.74	16.95	7.94	1.83	0.51	27.5	9.75	-1.5	0.1	1.01	0.32
1969	11	51.42	5.01	67.97	17.26	24.06	30.91	18.97	6.94	-0.16	0.64	27.35	7.34	-0.1	0.33	0.86	-0.36
1969	12	64.78	4.33	103.2	17.64	23.22	28.84	19.44	9.81	0.54	0.38	27.3	5	0.7	-1.86	0.86	0.57
1970	1	51.61	5.2	13.38	19.6	26.41	33.26	22.2	4.72	-1.93	0.36	27.05	0.3	-1.9	-2.41	0.61	-2.17
1970	2	52.55	4.53	59.08	18.03	24.43	30.87	20.88	7.91	-0.45	0.41	27.02	-1.41	-1.7	-1.32	0.38	0.01
1970	3	39.93	4.42	23.51	16.8	23.95	31.15	19.28	4.64	-1.28	0.22	27.35	-4.63	1	-2.08	0.23	-0.29
1970	4	36.94	3.49	12.11	13.6	20.93	28.31	16.41	2.54	-0.72	-0.06	27.96	-7.25	-0.1	0.3	0.45	0.87
1970	5	23.61	3.01	3.05	9.98	18.73	27.53	13.92	1.33	-1.23	-0.13	27.77	-12.21	0.6	0.53	0.16	-0.15
1970	6	40.28	2.22	22.73	7.49	15.34	23.24	12	4.04	1.67	-0.74	27.14	-16.25	1.6	0.88	-0.29	-0.13
1970	7	24.63	2.6	3.69	7.22	15.73	24.29	11.68	3.33	-0.07	-1.16	26.48	-18.62	-0.6	0.14	-0.57	1
1970	8	25.3	3.58	0.55	9.72	18.43	27.19	12.37	0.56	-1.02	-1.05	25.86	-21.38	1	-0.26	-0.76	1.01
1970	9	29.18	4.81	3.44	13.53	21.89	30.31	14.22	2.33	-1.04	-1.25	25.86	-21.67	1.9	0.03	-0.66	-1.5
1970	10	44.9	4.9	25.98	15.21	22.54	29.93	16.67	4.57	0.01	-1.1	25.79	-22.12	1.7	0.1	-0.71	1.4
1970	11	54.68	5.05	65.79	18.27	24.79	31.36	19.17	8.82	-0.16	-1.09	25.83	-22.48	2.6	0.38	-0.67	0.5
1970	12	54.44	5.08	111.49	19.06	25.55	32.09	21.19	10.11	0.28	-1.25	25.47	-17.39	3.2	-0.4	-0.98	0.57
1971	1	63.95	4.31	146.33	18.63	23.92	29.27	20.54	11.33	1	-1.23	25.09	-10.67	0.6	-0.16	-1.42	-2.51
1971	2	56.04	4.24	32.8	17.72	23.58	29.49	20.54	6.22	-0.84	-1.52	25.4	-3.67	3.3	-0.92	-1.31	-1.65
1971	3	43.54	4.36	26.58	17.88	24.8	31.77	21.15	4.12	-1.17	-1.81	26.1	0.91	3.8	-1.09	-1.07	-0.15
1971	4	44.28	3.48	40.29	15.64	22.49	29.39	18.24	4.46	0.62	-1.9	26.78	3.75	2.8	-0.58	-0.76	-0.08
1971	5	35.31	2.59	17.3	9.48	17.16	24.89	13.7	1.87	1.16	-1.46	27.06	6.77	1.4	0.68	-0.59	0.76
1971	6	29.5	2.28	1.83	6.48	14.7	22.96	11.45	0.95	0.3	-1.51	26.7	8.28	0.7	-0.67	-0.77	1.64
1971	7	21.71	2.6	0.26	6.3	15.1	23.94	11.15	0.42	-0.46	-1.23	26.29	8.88	0.4	-0.58	-0.77	0.77
1971	8	18.98	3.67	0.04	8.07	17.3	26.58	10.77	0.09	-1.44	-1.24	25.99	8.34	2.5	0.82	-0.69	-0.87
1971	9	34.97	4.53	11.27	12.89	20.98	29.11	13.89	2.27	0.34	-1.46	25.94	8.95	2.3	0.15	-0.63	-0.48
1971	10	50.08	4.79	63.56	15.24	22.2	29.2	15.65	7.32	1.21	-1.42	25.65	8.48	2.8	1.19	-0.92	0.86
1971	11	62.58	4.43	113.71	16.37	22.35	28.39	17.19	10.26	1.29	-1.3	25.69	8.47	0.9	0.42	-0.87	0.31
1971	12	56.6	4.94	68.79	18.13	24.52	30.95	19.41	8.28	-0.54	-1	25.55	9.1	0.4	0.82	-0.97	0.45
1972	1	66.42	4.12	227.93	19.15	24.1	29.1	21.88	12.5	1.72	-0.59	25.84	8.2	0.8	0.17	-0.67	-0.05
1972	2	56.13	4.2	93.93	17.88	23.5	29.18	20.52	7.92	0.28	-0.41	26.42	7.95	1.8	-0.2	-0.28	-2.26
1972	3	60.92	3.41	94.44	17.26	22.58	27.96	21.06	7.69	0.97	-0.25	27.21	7.35	1.1	-0.14	0.04	-1.87
1972	4	46.02	3.18	17.29	14.41	21.06	27.77	18.14	4.02	-0.02	-0.21	27.93	6.22	-0.2	1.01	0.39	-0.01
1972	5	31.49	2.65	24.71	9.04	16.98	24.96	13.21	3.34	1.17	0.49	28.27	-2.59	-2.6	0.14	0.62	1.23
1972	6	20.3	2.39	0.5	5.18	13.88	22.62	10.07	0.49	-0.29	1.22	28.23	-10.7	-0.9	-0.05	0.77	2.06
1972	7	18.8	2.67	0.26	5.25	14.36	23.52	9.84	0.21	-0.92	1.91	28.18	-15.45	-2.4	-0.55	1.13	-0.32
1972	8	24.88	3.48	0.83	7.61	16.6	25.63	10.53	0.22	-0.58	1.83	28.1	-19.28	-0.8	-0.08	1.44	1.09
1972	9	25.03	4.83	4.9	11.94	20.68	29.47	12.61	1.33	-0.9	1.51	28.1	-20.4	-2.2	-0.92	1.54	-1.61
1972	10	50.21	4.85	42.84	16.06	22.99	29.96	16.69	5.4	0.54	1.62	28.46	-21.17	-1.5	0.39	1.89	0.51
1972	11	50.65	5.06	43.67	16.35	23.31	30.33	17.2	7.24	-0.77	1.72	28.69	-20.49	-0.6	-0.38	2.13	0.19
1972	12	46.36	5.72	42.01	19.66	26.95	34.29	21.39	6.79	-1.73	1.75	28.81	-16.78	-2.1	1.24	2.27	0.71
1973	1	51.28	5.32	65.28	20.15	27.01	33.92	22.5	7.91	-0.88	1.7	28.44	-4.4	-0.5	1.23	1.91	0.47
1973	2	55.33	4.5	38.11	18.77	24.86	31.01	21.15	6.67	-0.91	1.48	28	0.08	-2.3	0.79	1.28	1.12
1973	3	49.11	4.32	36.43	19.26	25.73	32.25	21.97	5.93	-0.81	0.84	27.71	3.4	1.2	0.54	0.54	0.56
1973	4	53.31	2.96	37.14	14.27	20.34	26.46	17.49	5.78	1.05	0.48	27.39	6.28	0.1	-1.13	-0.16	1.33
1973	5	32.94	2.77	3.94	10.36	18.38	26.44	14.26	1.6	-0.2	-0.12	27.13	8.12	0.7	0.07	-0.53	0.71
1973	6	44.37	2.18	5.02	8.14	15.5	22.91	12	0.56	0.85	-0.83	26.74	8.63	1.8	0.53	-0.73	-1.34
1973	7	27.16	2.55	3.92	6.61	14.94	23.32	10.7	0.37	0.26	-1.07	25.95	6.94	1	0.27	-1.11	0.42
1973	8	28.1	3.33	2.39	8.31	16.8	25.34	11.52	0.47	0.29	-1.38	25.46	5.86	2.1	0.31	-1.2	0.06
1973	9	33.35	4.64	53.88	12.94	21.24	29.59	13.81	4.53	1.49	-1.75	25.32	5.51	2	0.11	-1.24	0.06
1973	10	55.1	4.55	48.88	15.9	22.33	28.8	16.54	6.52	1.02	-1.69	25.03	5.2	1.3	0.34	-1.52	0.9
1973	11	61.27	4.59	62.1	16.94	22.94	28.99	17.32	9.03	0.07	-1.52	24.5	4.92	4.3	0	-2.05	0.29
1973	12	69.23	4.08	190.05	17.67	22.74	27.85	19.27	13.18	1.6	-1.88	24.43	2.31	3	-0.18	-2.08	0.43
1974	1	62.64	4.4	110.68	18.88	24.35	29.87	21.12	11.2	0.43	-1.94	24.52	-0.91	4	0.23	-1.99	-3.37
1974	2	64.75	3.81	109.91	18.73	23.79	28.9	22.43	8.71	0.66	-1.79	25.12	-1.31	3.4	-0.49	-1.57	-0.78
1974	3	56.67	3.62	51.33	17.2	22.74	28.33	20.19	5.98	0.07	-1.76	25.91	-1.08	4	-0.75	-1.24	-1.26
1974	4	52.51	2.91	39.71	13.57	19.46	25.41	16.32	4.91	1.17	-1.68	26.63	-1.92	1.6	0.31	-0.9	-0.19
1974	5	29.98	2.7	8.77	8.92	16.96	25.05	12.88	2.47	0.42	-1.08	26.84	-7.58	1.6	-0.51	-0.8	0.36
1974	6	19.13	2.52	0.22	5.82	14.69	23.6	10.23	0.1	-0.98	-0.64	26.71	-13.86	0.7	-0.05	-0.75	-0.13
1974	7	30.43	2.46	10.62	6.29	14.53	22.83	10.7	4.06	1.37	-0.72	26.48	-19.58	1.9	0.39	-0.57	0.81
1974	8	28.84	3.44	2.63	8.75	17.22	25.75	11.18	3.2	-0.14	-0.62	26.37	-23.14	1.3	-0.53	-0.3	0.24
1974	9	32.62	4.36	34.83	10.76	18.99	27.27	12.12	3.83	1.49	-0.61	26.23	-23.52	1.8	-0.14	-0.34	-0.4
1974	10	42	5.4	9.28	15.9	23.44	31.04	15.04	3.16	-1.34	-1.05	25.92	-23.12	1.5	-1.02	-0.65	-0.22
1974	11	63.16	4.48	132.35	17.39	23.34	29.33	18.71	9.49	1.47	-1.25	25.63	-22.48	-0.2	-0.44	-0.92	0.42
1974	12	64.89	4.38	107.61	17.85	23.41	29.02	19.45	9.59	0.45	-0.93	25.7	-22.57	0.3	0.56	-0.82	-0.89
1975	1	56.37	4.73	128.54	18.26	24.43	30.65	20.35	12.01	0.6	-0.56	26.18	-16.7	-0.8	1.6	-0.33	-0.46
1975	2	63.32	3.93	161.74	18.16	23.31	28.51	20.61	11.32	1.23	-0.61	26.22	-15.39	1.3	0.19	-0.48	-0.77
1975	3	57.48	3.52	47.33	16.39	21.85	27.36	19.13	6.58	0.09	-0.88	26.44	-13.04	2.6	0.15	-0.72	-0.46
1975	4	46.94	3.14	53.12	13.82	20.42	27.07	17.19	5.07	1.3	-0.97	26.99	-5.12	1.9	0.41	-0.54	0.37
1975	5	32.86	2.75	21.1	10.43	18.3	26.21	14.37	3.33	1.08	-0.85	26.97	1.18	1.1	-0.61	-0.68	-0.45
1975	6	29.37	2.24	5.08	6.25	14.46	22.72	11.49	1.97	0.79	-1.15	26.29	4.47	2.1	-0.32	-1.17	-0.61
1975	7	14.74	2.76	0.02	4.97	14.49	24.06	9.74	0.01	-1.61	-1.47	25.98	7.41	3.1	0.34	-1.07	1.59
1975	8	30.64	3.37	4.27	7.9	16.47	25.09	10.52	0.41	0.3	-1.73	25.47	9.06	3.3	0.13	-1.19	0.32
1975	9	37.26	4.59	0.49	12.69	20.82	29.01	12.69	0.28	-0.66	-1.87	25.2	10.25	3.4	1.28	-1.36	0.22
1975	10	47.37	4.95	8.29	14.68	21.97	29.3	14.69	4.02	-0.73	-2	24.87	10.65	2.8	0.14	-1.69	0
1975	11	50.07	5.3	56.21	17.06	24.29	31.54	17.45	6.56	-0.63	-1.79	25.1	11.27	1.9	0.62	-1.45	1.04
1975	12	63.01	4.47	151.27	18.12	23.7	29.34	19.73	12.31	1.19	-1.76	24.76	10.95	3.5	1.29	-1.76	-1.01
1976	1	64.41	4.29	116	17.98	23.55	29.15	19.83	7.33	0.53	-1.63	24.72	9.22	2.3	0.03	-1.78	-0.71
1976	2	62.36	4.02	117.12	18.11	23.52	28.97	20.59	9.74	0.79	-1.4	25.58	8.92	2.8	1.66	-1.1	-0.39
1976	3	61.34	3.42	123.77	17.35	22.54	27.78	20.68	9.9	1.33	-1.25	26.61	9.7	2.9	0.59	-0.55	-0.06
1976	4	48.41	3.05	29.1	13.45	19.82	26.25	16.42	4.62	0.69	-1.19	26.99	11.53	0.5	0.44	-0.53	0.92
1976	5	43.64	2.39	38.48	9.2	16.17	23.2	12.83	3.63	2.05	-0.48	27.27	10.04	0.6	0.06	-0.33	1.19
1976	6	30.31	2.29	2.06	6.55	14.61	22.72	11	0.5	0.31	0.35	27.34	2.78	0.4	0.33	-0.1	1.28
1976	7	17.86	2.7	0.14	5.07	14.33	23.63	9.7	0.4	-1.13	0.61	27.27	-1.9	-1.4	-0.32	0.2	2.35
1976	8	23.34	3.33	0.31	6.44	15.48	24.57	10.28	0.16	0.08	0.66	27.09	-4.89	-1.3	0.56	0.39	1.22
1976	9	34.16	4.59	10.64	12.26	20.47	28.72	12.57	3.05	0.17	1.03	27.12	-6.19	-1.9	-0.74	0.49	0.1
1976	10	51.87	4.73	36.43	15.4	22.11	28.87	15.45	4.9	0.6	0.95	27.48	-8.23	0.7	-0.8	0.88	-0.66
1976	11	54.53	4.99	90.02	17.7	24.35	31.05	18.92	9.51	0.47	0.48	27.42	-8.89	1.2	-0.09	0.85	0.23
1976	12	52.47	5.11	57.06	18.73	25.26	31.84	20.97	8.47	-0.93	0.55	27.17	-11.85	-0.6	-2.07	0.63	-1.11
1977	1	50.52	5.25	97.68	19.52	26.38	33.3	22.15	9.26	-0.15	0.52	27.31	-14.44	-0.7	-3.77	0.81	-1.08
1977	2	65.14	3.82	187.16	19.29	24.07	28.9	22.66	10.84	1.33	0.25	27.15	-14.9	2	-2.01	0.47	0.08
1977	3	63.33	3.26	144.54	16.72	21.73	26.79	19.93	8.71	1.59	0.09	27.57	-17.61	-0.9	0.34	0.43	1.83
1977	4	38.1	3.41	15.47	13.64	20.71	27.83	16.56	4.76	-0.51	0.53	27.61	-14.93	-0.7	1.33	0.08	0.97
1977	5	18.84	2.99	3.78	9.03	17.86	26.74	13.12	2.08	-0.98	0.34	27.97	-17.14	-0.8	0.1	0.34	-0.43
1977	6	12.96	2.62	1.02	6.26	15.46	24.72	11	0.4	-1.51	0.5	27.96	-21.33	-1.5	-0.23	0.5	0.17
1977	7	20.93	2.64	0.22	5.56	14.49	23.46	9.98	0.34	-0.72	0.86	27.56	-18.17	-1.9	-0.49	0.49	0.96
1977	8	33.39	3.23	9	8.54	16.7	24.93	11.52	0.88	1.25	0.69	26.93	-11.24	-1.3	-1.41	0.22	0.77
1977	9	46.25	4.2	56.57	13.48	20.79	28.16	14.11	5.21	2.13	0.81	27.21	-5.09	-1.3	0.59	0.57	2.13
1977	10	53.54	4.98	22.23	16.28	23.65	31.08	16.69	4.36	-0.19	1.01	27.37	-1.81	-1.7	-0.01	0.76	1.67
1977	11	60.86	4.85	53.14	17.75	24.67	31.65	19.47	5.99	-0.33	0.97	27.28	-0.26	-2.1	0.6	0.7	-0.27
1977	12	69.16	4.33	158.23	18.96	24.54	30.17	21.27	12.72	1.28	0.88	27.37	1.69	-1.7	-0.24	0.83	-0.67
1978	1	73.25	3.72	201.59	19.08	23.77	28.51	22.75	12.32	1.65	0.78	27.32	3.21	-0.5	-0.35	0.81	-0.01
1978	2	64.53	3.83	149.1	18.59	23.8	29.05	22.43	12.19	1.12	0.9	27.17	6.07	-4.4	-3.01	0.48	-0.15
1978	3	59.39	3.56	72.9	17.66	23.2	28.8	21.29	8.79	0.54	0.96	27.24	9.34	-0.3	0.5	0.09	-1.26
1978	4	43.91	3.15	41.88	13.3	19.95	26.65	16.47	4.56	0.82	0.18	27.26	12.98	-0.5	-0.97	-0.28	0.18
1978	5	28.72	2.79	7.66	9.14	17.43	25.76	12.88	1.84	-0.02	-0.4	27.36	12.23	2.2	0.06	-0.26	-0.04
1978	6	24.1	2.29	1.51	5.07	13.52	22.03	10.08	2.65	0.2	-0.56	27.16	8.36	1.1	0.64	-0.29	3.39
1978	7	25.13	2.51	5.74	5.61	14.14	22.71	10.12	0.55	0.56	-0.4	26.81	6.02	0.9	-0.6	-0.26	2.46
1978	8	21.84	3.85	0.75	10.53	19.62	28.76	12.7	0.29	-2.1	-0.18	26.23	5.84	0.7	-0.35	-0.47	0.66
1978	9	34.73	4.48	13.11	12.94	20.89	28.89	14.12	2.11	0.48	-0.39	26.2	5.91	0.1	-0.1	-0.43	0.92
1978	10	50.94	4.73	58.37	15.71	22.44	29.23	16.27	6.6	1.17	-0.02	26.4	6.22	-0.6	0.9	-0.19	-0.76
1978	11	55.55	4.76	89.59	16.68	23	29.36	17.47	8.58	0.61	0.2	26.43	4.04	0	2.47	-0.14	0.1
1978	12	59.3	4.66	95.39	17.54	23.69	29.89	19.27	9.97	0.16	0.4	26.48	1.46	-0.1	-0.98	-0.04	1.3
1979	1	52.57	4.81	81.54	17.55	24.1	30.71	20.09	10.11	-0.21	0.6	26.45	1.86	-0.7	-2.23	-0.05	1.43
1979	2	52.82	4.53	50.72	18.86	25.11	31.41	22.35	7.72	-0.66	0.36	26.6	4.12	1.6	-0.7	-0.07	-0.66
1979	3	44.38	4.16	80.79	16.55	23.32	30.14	19.28	7.43	0.31	-0.01	27.48	0.89	0.2	-0.81	0.33	-0.29
1979	4	31.99	3.7	12.82	13.94	21.73	29.57	17.02	3.39	-1.14	0.29	27.87	-3.57	-0.2	-1.16	0.33	0.85
1979	5	30.31	2.86	4.63	10.04	18.12	26.25	13.12	1.59	-0.42	0.4	27.74	-12.9	0.8	-0.25	0.13	-0.13
1979	6	34.67	2.25	1.9	7	15	23.05	11.71	0.67	0.47	0.37	27.55	-19.6	1.1	0.93	0.1	1.56
1979	7	28.26	2.46	2.22	5.71	14	22.35	10.12	0.66	0.56	0.35	26.95	-21.27	2.2	0.04	-0.1	1.72
1979	8	32.57	3.28	17.89	9.8	17.98	26.21	13.26	1.8	1.28	0.64	26.77	-22.24	-0.3	-0.68	0.07	1.57
1979	9	39.06	4.35	4.35	13.05	20.75	28.5	14.08	1.48	0.18	0.77	27.15	-22.7	0.2	-0.05	0.52	0.35
1979	10	48.8	4.99	63.25	16.66	23.47	30.33	16.69	6.18	1.08	0.64	27.01	-23.32	-0.2	-1.24	0.41	0.71
1979	11	61.33	4.51	74.67	17.05	23.21	29.4	18.53	8.95	0.43	0.73	27.08	-22.2	-0.7	0.48	0.51	2.48
1979	12	59.46	4.66	73.56	17.77	23.93	30.12	19.74	9.02	-0.32	1.01	27.09	-16.99	-1.2	1.29	0.56	0.03
1980	1	52.4	4.82	100.99	18.17	24.38	30.64	20.47	8.79	0.17	0.69	27.1	-10.11	0.7	-2.07	0.59	-1.71
1980	2	56.66	4.31	140.65	19.07	24.8	30.58	22.47	11.28	0.93	0.6	27.03	-5.65	0.5	-0.93	0.34	-0.5
1980	3	53.82	3.76	31.44	16.84	22.81	28.84	19.73	3.6	-0.49	0.67	27.38	-2.9	-0.7	-1.43	0.23	1.09
1980	4	35.05	3.53	14.77	13.3	20.93	28.61	16.51	4.2	-0.67	0.87	27.78	2.31	-1	-0.42	0.25	0.72
1980	5	17.92	3.1	1.54	9.38	18.33	27.34	12.89	1.14	-1.79	0.92	27.99	6.24	0	-1.16	0.37	1.85
1980	6	17.18	2.45	0.69	4.99	13.91	22.87	9.96	0.23	-0.56	0.85	27.99	7.33	0	0.72	0.54	3.29
1980	7	26.96	2.45	1.98	5.26	13.67	22.13	9.83	0.28	0.56	0.78	27.35	8.74	-0.1	-0.62	0.29	0.36
1980	8	34.19	3.25	3.94	8.56	16.72	24.93	11.29	0.52	0.71	0.33	26.62	9.61	0.6	-0.18	-0.08	-1.39
1980	9	43.79	4.13	35.26	12.38	19.55	26.77	12.69	4.66	1.66	0.28	26.57	12.67	-0.8	0.31	-0.06	-1.68
1980	10	43.88	5.16	26.37	15.19	22.69	30.23	15.14	4.16	-0.3	0.21	26.51	13.1	0	-0.52	-0.09	0.68
1980	11	57.37	4.77	132.03	17.94	24.22	30.54	19.61	10.02	1.4	0.24	26.63	12.15	-0.6	-1.36	0.06	0.33
1980	12	56.85	4.79	87.53	18.44	24.58	30.77	20.77	9.99	-0.07	0.12	26.58	9.73	-0.1	-0.06	0.06	-2.41
1981	1	60.2	4.52	193.92	19.62	25.05	30.53	22.31	12.79	1.42	-0.25	26.17	8.51	0.6	-0.12	-0.5	-0.82
1981	2	65.6	3.69	130.92	18.48	23.36	28.29	22.32	11.85	0.98	-0.16	26.13	6.72	-0.3	-0.33	-0.69	-0.3
1981	3	51.09	3.85	77.53	16.64	22.69	28.79	19.36	8.88	0.42	0.44	26.75	7.51	-2.1	-1.64	-0.52	0.35
1981	4	37.79	3.43	22.85	13.4	20.65	27.95	16.26	4.29	-0.02	0.64	27.32	8.28	-0.2	0.43	-0.36	0.22
1981	5	36.66	2.62	18.81	9.32	16.92	24.57	12.66	3.06	0.95	0.12	27.41	3.01	1.3	0.18	-0.35	0.16
1981	6	12.92	2.48	0.75	4.42	13.77	23.17	10	0.55	-0.71	-0.02	27.35	-3.49	2	-0.44	-0.21	-2.09
1981	7	21.42	2.7	0.36	6.07	14.9	23.78	9.87	0.28	-1.15	-0.04	26.66	-5.22	1.4	0.56	-0.46	0.82
1981	8	33.36	3.27	8.66	8.44	16.6	24.79	11.02	2.21	0.76	-0.08	26.25	-8.24	1.2	-0.24	-0.49	-0.96
1981	9	36.14	4.33	12.6	11.62	19.43	27.29	12.27	2.58	0.59	0.18	26.54	-8.59	0.5	-1.04	-0.16	-0.59
1981	10	50.23	4.45	37.32	13.93	20.44	27.01	14.59	5.79	0.83	0.09	26.52	-9.53	-0.6	-1.17	-0.12	-0.79
1981	11	48.9	5.38	87.87	17.96	24.82	31.73	17.99	8.57	0.09	-0.06	26.41	-9.62	0.3	-0.19	-0.22	-0.51
1981	12	54.55	4.98	39	18.27	24.71	31.2	20.09	6.57	-1.24	-0.15	26.47	-12.31	0.8	-1.22	-0.14	0.74
1982	1	55.33	4.9	75.83	19.46	25.6	31.8	21.77	8.7	-0.38	-0.28	26.69	-12.52	2	-0.88	0.02	0.03
1982	2	52.46	4.57	57.58	19.02	25.31	31.66	22.52	7.38	-0.56	-0.15	26.71	-14.71	0.4	0.97	-0.11	-1.57
1982	3	42.4	4.34	13.01	17.21	24.37	31.58	20.8	3.34	-1.54	0.09	27.36	-16.67	1	1.07	0.08	0.84
1982	4	46.09	3.31	32.32	14.74	21.38	28.08	17.33	5.3	0.45	-0.04	27.9	-15.55	0.1	1.45	0.22	-0.52
1982	5	29.44	2.75	18.61	9.85	17.71	25.63	13.53	3.13	0.8	0.41	28.42	-15.26	-0.6	-0.21	0.65	0.67
1982	6	19.03	2.43	0.24	6.2	15.02	23.89	11.49	0.08	-0.55	0.95	28.32	-15.94	-1.7	-1.18	0.76	1.88
1982	7	32.73	2.45	7.03	7.17	15.25	23.38	11.53	1.39	1.11	1.62	27.65	-8.95	-2.5	0	0.52	0.05
1982	8	27.42	3.56	1.81	8.72	17.47	26.27	10.91	0.28	-0.66	1.83	27.64	-1.58	-2.9	0.36	0.9	0.41
1982	9	34.33	4.46	2.38	12.17	19.95	27.78	12.27	2.25	-0.11	1.8	28.21	4.21	-2.9	0.56	1.51	-0.03
1982	10	49.82	4.74	57.43	14.75	21.56	28.43	14.74	7.73	0.98	2.02	28.68	8.27	-2.8	-0.21	2.03	0.53
1982	11	52.3	5.04	39.29	17.42	24.08	30.8	18.38	7.59	-0.86	2.45	28.72	9.51	-4.3	0.66	2.07	0.52
1982	12	50.22	5.46	41.52	19.15	26.34	33.57	21.24	7.26	-1.56	2.41	28.94	10.35	-3.7	0.97	2.31	1.42
1983	1	50.28	5.44	40.11	20.12	27.17	34.28	22.25	6.71	-1.51	2.69	28.93	10.85	-5.8	1.36	2.25	-0.05
1983	2	47.07	5.02	35.78	19.41	26.36	33.36	22.38	7.66	-1.32	2.9	28.75	11.4	-6	-1.81	1.9	-0.89
1983	3	47.96	4.24	58.11	18.23	24.88	31.59	21.27	8.23	-0.26	3.04	28.76	12.17	-4	-0.57	1.47	-1.14
1983	4	39.69	3.62	21.96	15.67	22.81	29.99	18.38	4.84	-0.5	2.88	28.74	13.81	-1.5	-0.74	1.05	1.09
1983	5	32.33	2.86	12.84	11.09	19.17	27.3	14.84	2.57	0.31	2.56	28.82	11.93	1	-0.44	1.06	0.5
1983	6	29.36	2.49	5.34	8.08	16.38	24.74	12	3.79	-0.05	2.17	28.27	3.12	0.1	0.31	0.72	-1.78
1983	7	32.16	2.52	9	7.32	15.62	23.97	11.66	2.31	0.96	1.73	27.18	-3.38	-1	0.13	0.07	0.37
1983	8	30.18	3.31	15.86	7.63	16.07	24.56	10.34	3.5	1.37	1.12	26.51	-6.53	0.2	1.1	-0.21	-1
1983	9	26.58	4.95	1.43	12.88	21.66	30.5	13.21	0.26	-1.68	0.43	26.18	-7.75	1.4	0.17	-0.5	-1.73
1983	10	51.95	4.73	32.66	15.64	22.25	28.91	15.65	5.13	0.43	0	25.75	-10.12	0.7	1.37	-0.89	0.54
1983	11	52.18	5.26	76.74	18.88	25.54	32.25	19.78	8.77	-0.06	-0.18	25.54	-10.29	-0.2	-0.69	-1.09	-0.41
1983	12	59.71	4.72	74.24	18.91	24.9	30.95	21.31	9.09	-0.27	-0.18	25.82	-11.42	0	0.19	-0.8	-0.8
1984	1	49.26	5.21	58.09	19.42	26.11	32.86	22.04	7.2	-0.92	-0.34	26.14	-10.65	0.3	0.9	-0.54	-1.67
1984	2	51.04	4.66	39.55	18.69	25.14	31.65	21.48	8.5	-1	-0.56	26.72	-11.34	1.4	-0.3	-0.12	-0.33
1984	3	53.3	3.9	79.07	18.03	24.05	30.13	21.27	7.73	0.43	0.13	27.05	-12.98	-0.4	-2.39	-0.23	-1.04
1984	4	44.75	3.35	18.06	13.91	20.81	27.76	15.93	2.99	-0.18	0.33	27.3	-14.58	0.6	-0.28	-0.39	-0.91
1984	5	27.48	2.87	1.17	10.13	18.56	27.05	14.48	0.66	-0.84	0.12	27.31	-15.05	0.3	0.48	-0.46	-1.73
1984	6	37.81	2.2	3.97	6.86	14.79	22.77	11.62	1.81	0.81	-0.14	26.95	-17.97	-0.6	0.01	-0.61	0.8
1984	7	39.5	2.39	14.15	7.62	15.39	23.22	11.69	3.95	1.63	-0.15	26.84	-25.39	0.3	0.02	-0.29	0.52
1984	8	33.61	3.33	0.62	9.34	17.34	25.4	11.52	0.61	0.07	-0.18	26.67	-27.9	0.7	0.47	-0.08	0.24
1984	9	35.63	4.55	21.4	13.56	21.43	29.36	14.23	4.64	0.75	-0.08	26.43	-25.44	0.2	-0.41	-0.26	0.17
1984	10	51.77	4.92	51.79	16.74	23.49	30.29	16.69	6.93	0.78	0.02	26.15	-21.59	-0.5	-0.27	-0.5	-1.51
1984	11	61.04	4.52	105.21	16.72	22.64	28.61	17.31	10.26	1.02	-0.35	25.6	-13.19	0.4	-0.97	-1.02	0.16
1984	12	55.19	5.01	64.81	18.55	24.94	31.39	20.17	7.26	-0.72	-0.61	25.38	-8.16	-0.2	0.45	-1.23	0.6
1985	1	57.62	4.63	143.74	19.47	25.15	30.88	22.35	11.66	0.81	-0.56	25.58	-0.37	-0.5	-2.81	-1.09	-0.61
1985	2	59.68	4.2	106.75	18.64	24.25	29.9	21.15	9.79	0.46	-0.6	26.11	4.21	2	-1.44	-0.72	-1.12
1985	3	48.38	4.17	45.12	17.63	24.11	30.64	19.95	6.53	-0.44	-0.74	26.53	6.3	1.3	0.55	-0.75	1.81
1985	4	35.65	3.58	3.9	13.3	21.07	28.9	16.25	1.28	-1.42	-0.48	26.93	11.11	1.9	0.65	-0.76	-0.53
1985	5	32.53	2.81	19.14	9.59	17.73	25.92	12.82	3.74	0.67	-0.73	27.09	13.57	0.7	-0.43	-0.68	0.72
1985	6	25.86	2.49	1.73	6.5	15.26	24.07	10.84	0.61	-0.68	-0.09	26.92	14.04	-0.6	-0.35	-0.64	0.37
1985	7	29.1	2.59	2.59	6.71	15.23	23.79	10.7	0.59	-0.08	-0.15	26.64	11.1	-0.2	-0.39	-0.49	0.24
1985	8	30.29	3.36	6.22	9.18	17.73	26.32	12.52	3.7	0.46	-0.4	26.28	11.08	1.6	0	-0.47	0.31
1985	9	44.47	4.13	29.69	12.95	20.41	27.92	14.27	2.56	1.38	-0.54	26.08	11.72	0	0.11	-0.61	-0.4
1985	10	45.85	5.03	56.92	15.88	23.16	30.51	16.69	5.58	0.86	-0.14	26.22	11.84	-0.6	1.03	-0.43	0.09
1985	11	49.97	5.24	31.37	16.83	24.09	31.42	17.74	7.03	-1.26	-0.05	26.39	11.45	-0.3	-1.22	-0.26	-0.97
1985	12	58.96	4.71	95.29	18.52	24.68	30.9	21.22	10.2	0.17	-0.29	26.19	9.51	0.4	-1.95	-0.43	-0.96
1986	1	56.61	4.83	52.56	19.03	25.16	31.34	20.94	8.59	-0.89	-0.31	26.04	8.74	1.6	-0.57	-0.52	-0.36
1986	2	51.8	4.67	53.16	18.49	24.91	31.39	20.66	5.68	-0.72	-0.19	26.26	10.15	-1.7	-2.9	-0.47	-1.97
1986	3	42.9	4.41	32.4	17.35	24.48	31.66	20	4.5	-1.07	0.03	26.99	11.96	0.8	1.93	-0.23	-1.16
1986	4	51.94	3.12	94.23	15.34	21.5	27.72	18.24	6.92	1.97	-0.17	27.65	9.11	0.5	0.1	-0.02	0.04
1986	5	27.6	2.94	2.76	9.64	18.17	26.76	12.88	0.88	-0.97	0.3	27.58	3.56	-0.4	0.37	-0.2	0.28
1986	6	21.14	2.53	1.32	6	14.87	23.8	10.29	0.54	-0.87	0.31	27.56	-2.15	1.6	0.54	0.03	-0.08
1986	7	19.96	2.77	0.72	5.89	15.06	24.26	9.83	0.27	-1.49	0.39	27.39	-5.25	0.5	-0.01	0.28	-0.04
1986	8	19.12	3.77	0.65	9.35	18.6	27.89	12.09	0.17	-1.77	0.82	27.21	-9.6	-0.6	-0.83	0.46	-0.65
1986	9	35.15	4.39	5.56	12.34	20.3	28.33	13.63	2.23	0.25	1.17	27.35	-10.21	-0.8	-0.02	0.65	0.69
1986	10	51.1	4.81	54.19	15.5	22.59	29.74	16.19	5.85	0.94	1	27.6	-9.6	1.1	1.43	0.95	-0.27
1986	11	53.09	5.07	69.61	16.81	23.69	30.62	17.31	9.77	-0.08	0.87	27.67	-8.01	-2	0.93	1.07	-0.56
1986	12	57.86	4.78	93.78	18.51	24.83	31.19	21.27	10.61	0.09	1.18	27.75	-10.51	-2.4	0.06	1.17	-0.17
1987	1	53.26	4.96	61.34	19.23	25.58	31.99	21.84	8.95	-0.68	1.24	27.82	-9.93	-1.1	-1.15	1.25	1.57
1987	2	46.78	5.01	55.87	19.83	26.61	33.44	23.04	8.75	-0.81	1.19	28.02	-11.37	-2.1	-1.47	1.28	0.37
1987	3	45.32	4.35	39.78	18.27	25.07	31.92	21.37	5.84	-0.73	1.72	28.49	-14.23	-2.1	-1.75	1.26	0.22
1987	4	35.26	3.75	6.06	15.56	23.06	30.61	18.57	1.3	-1.68	1.86	28.68	-16.2	-2.3	0.39	1.02	0.48
1987	5	25.02	3.11	2.26	11.3	20.04	28.82	14.88	0.58	-1.79	2.12	28.7	-20.05	-2.1	0.32	0.93	1.77
1987	6	23.09	2.46	1.83	5.84	14.55	23.3	10.23	0.46	-0.52	1.9	28.67	-21.47	-1.8	-0.71	1.13	1.73
1987	7	21.07	2.64	0.04	5.66	14.45	23.29	9.82	0.11	-0.71	1.84	28.52	-13.96	-2.2	-0.47	1.41	0.6
1987	8	35.56	3.18	14.32	8.99	17.02	25.12	12.17	4.2	1.31	1.94	28.48	-0.6	-1.5	-0.84	1.72	-0.49
1987	9	48.13	4.15	24.13	13.72	20.88	28.09	14.27	2.45	1.22	1.83	28.42	5.88	-1.7	0.29	1.71	1.44
1987	10	49.7	4.81	23.45	15.17	22.11	29.1	15.43	4.6	0.03	1.61	28.08	9.35	-0.6	-0.08	1.43	0.93
1987	11	55.13	5.19	54.48	19.11	25.71	32.36	19.93	8.37	-0.62	1.25	27.94	9.23	0	-0.54	1.33	0.15
1987	12	67.2	4.5	188.88	19.62	25.08	30.58	21.27	12.32	1.54	1.25	27.6	8.41	-0.8	-0.53	1.03	1.75
1988	1	52.51	4.97	73.17	19.16	25.71	32.31	22.35	8.13	-0.5	1.09	27.49	7.81	-0.2	0.26	0.94	1.83
1988	2	61.57	4.14	125.48	19.29	24.78	30.31	22.52	8.72	0.65	0.66	27.01	6.17	-0.6	-1.07	0.28	0.3
1988	3	59.06	3.67	99.34	18.44	23.89	29.39	21.55	8.51	0.9	0.46	27.45	5.86	1.1	-0.2	0.22	0.53
1988	4	46.25	3.33	26.35	15.46	22.02	28.63	18.41	2.94	0.25	0.31	27.56	6.59	0.2	-0.56	-0.1	-0.2
1988	5	28.93	2.75	5.48	9.62	17.87	26.18	14.24	0.64	-0.02	0.08	26.97	5.46	1.5	-0.85	-0.81	-0.15
1988	6	22.64	2.39	18.1	6.24	14.97	23.76	11.59	4.95	1.02	-0.71	26.21	0.42	0.1	0.06	-1.33	-0.25
1988	7	19.37	2.65	0.86	6.37	15.28	24.23	11.13	0.21	-0.73	-1.19	25.66	-3.96	1.7	-0.14	-1.45	-1.47
1988	8	23.9	3.59	5.08	8.72	17.49	26.31	10.88	0.24	-0.55	-1.4	25.71	-2.58	2.5	0.26	-1.04	0.78
1988	9	30.78	4.61	10.7	11.95	20.21	28.51	12.46	1.24	-0.02	-1.59	25.72	-2.29	3	1.04	-0.98	-0.83
1988	10	52.94	4.59	76.48	15.55	22.09	28.69	16.17	7.21	1.5	-1.35	24.82	-1.53	2.3	0.03	-1.81	-0.56
1988	11	51.77	4.91	32.44	15.72	22.51	29.35	16.35	6.19	-0.94	-1.47	24.73	-0.84	2.8	-0.04	-1.87	-0.96
1988	12	62.33	4.53	63.85	17.54	23.33	29.17	18.57	8.25	-0.36	-1.34	24.68	-2.42	2	1.68	-1.89	-0.67
1989	1	55.22	4.88	35.42	18.66	24.97	31.33	20.49	6.66	-1.21	-1.17	24.7	-2.87	2.5	3.11	-1.85	1.26
1989	2	61.91	3.99	131.65	18.74	23.93	29.18	21.89	9.26	0.9	-1.31	25.34	-3.56	2	3.28	-1.39	0.53
1989	3	47.35	4.1	33.96	17.22	23.79	30.41	20.35	7.05	-0.7	-1.06	26.12	-1.63	1.8	1.53	-1.11	-1.98
1989	4	51.89	3.06	31.87	13.71	20.13	26.61	16.41	4.74	0.77	-0.84	26.83	-1.93	2.7	-0.25	-0.83	-0.28
1989	5	33.09	2.74	2.12	10.45	18.38	26.37	14.51	1.63	-0.27	-0.49	27.18	-5.46	2	0.89	-0.59	0.36
1989	6	41.84	2.26	14.75	8.35	15.85	23.4	12.09	3.35	1.26	-0.27	27.23	-9.38	1.2	0.34	-0.29	-0.62
1989	7	26.23	2.6	0.83	6.7	15.24	23.81	10.87	0.21	-0.4	-0.46	26.8	-13.86	1.5	0.87	-0.31	0.89
1989	8	28.92	3.59	5.35	10.64	18.97	27.35	12.61	3.5	-0.48	-0.5	26.43	-16.98	-0.5	0.55	-0.33	2.52
1989	9	29.2	4.77	0.43	12.38	20.73	29.14	12.33	0.75	-1.13	-0.28	26.46	-18.83	0.8	0.7	-0.24	0.44
1989	10	44.34	5.04	41.28	15.15	22.32	29.55	15.03	7.38	0.4	-0.32	26.31	-21.3	1.3	0.99	-0.33	1.5
1989	11	57.62	4.69	79.77	16.87	23.22	29.63	18.13	9.64	0.46	-0.07	26.29	-19.01	-0.4	0.03	-0.32	-0.47
1989	12	55.86	4.88	94.53	18.38	24.78	31.24	20.92	8.7	-0.02	0.14	26.58	-13.54	-0.9	-0.64	0.01	-1.98
1990	1	60.59	4.58	98.88	19.08	24.76	30.49	21.01	10.08	0.11	0.23	26.63	-8.71	-0.1	1	0.07	1.37
1990	2	56.43	4.35	52	18.33	24.14	30	20.5	7.64	-0.52	0.53	27.03	-6.74	-3	3.4	0.3	0.24
1990	3	48.12	4.26	46.75	18.07	24.63	31.25	20.44	5.81	-0.49	0.92	27.39	0.95	-0.7	2.99	0.16	-0.13
1990	4	47.39	3.32	30.22	15.47	22	28.56	18.24	5.36	0.43	0.39	27.94	5.72	0.3	1.88	0.28	-0.84
1990	5	32.88	2.78	1.92	9.96	18.04	26.18	13.72	1.85	-0.4	0.59	28.08	11.46	2	0.94	0.3	0.17
1990	6	23.05	2.63	0.32	7.39	16.43	25.51	11.53	0.17	-999	0.39	27.63	12.9	0.5	0.3	0.1	0.77
1990	7	25.04	2.82	0.52	7.51	16.59	25.71	11.32	0.07	-1.83	0.07	27.42	12.54	0.9	-0.3	0.32	0.42
1990	8	30.56	3.43	2.13	8.56	17.07	25.63	10.83	0.49	-0.2	0.12	27.16	12.63	-0.3	-0.18	0.41	0.59
1990	9	30.85	4.47	2.99	11.47	19.63	27.86	12.42	0.28	-0.11	0.37	26.96	13.21	-1.2	-0.21	0.26	0.68
1990	10	43.09	5.27	18.17	16.29	23.59	30.94	16.11	4.29	-0.79	0.24	27.01	12.39	0.4	0.66	0.37	0.11
1990	11	46.66	5.39	43.27	17.74	24.91	32.12	18.84	7.01	-1.03	0.37	26.88	11.55	-0.8	0.52	0.28	0.59
1990	12	55.73	5.01	96.06	19.02	25.44	31.91	21.23	8.4	-0.02	0.33	26.96	10.68	-0.4	1.28	0.4	0.61
1991	1	57.93	4.74	118.49	19.61	25.57	31.58	22.35	10.87	0.49	0.31	27.07	8.71	1	0.72	0.37	-1.3
1991	2	55.83	4.48	80.82	19.39	25.43	31.51	22.51	9.71	-0.01	0.31	27.12	8.44	0.4	-0.88	0.26	-0.78
1991	3	58.03	3.67	97.89	17.86	23.48	29.14	21.12	8.64	0.88	0.39	27.38	9	-1.1	-0.53	0.02	1.83
1991	4	34.45	3.47	5.04	12.56	20.28	28.06	16.14	0.73	-1.07	0.44	28.1	10.69	-1	0.53	0.32	0.7
1991	5	28.61	2.77	8.82	9.85	18.13	26.45	14.53	1.69	0.13	0.72	28.36	3.82	-1.7	0.49	0.47	0.56
1991	6	29.22	2.47	5.61	8.22	16.41	24.64	12.16	2.74	-0.15	1.16	28.41	-3.34	-0.2	-0.12	0.71	0.63
1991	7	16.41	2.67	0.17	5.99	15.13	24.33	11.12	0.28	-0.88	1.01	28.17	-10.36	0	-0.19	0.88	-1.73
1991	8	22.09	3.63	0.1	8.38	17.66	27	11.46	0.46	-1.28	1.01	27.73	-14.69	-0.7	0.8	0.79	-1.15
1991	9	36.79	4.59	3.33	13.67	21.65	29.68	14.26	0.58	-0.46	0.74	27.42	-13.96	-2.5	-0.11	0.53	-0.58
1991	10	43.52	5.38	8.93	16.33	23.98	31.68	16.26	1.62	-1.32	1.02	27.62	-12.21	-1.7	-0.25	0.76	-0.32
1991	11	53.98	5.11	50.19	17.62	24.45	31.33	18.39	8.62	-0.63	1.2	27.93	-12.27	-1.1	0.28	1.13	-0.94
1991	12	59.95	4.77	44.35	18.29	24.47	30.71	19.88	7.77	-0.95	1.32	28.32	-12.68	-2.9	1.61	1.55	0.29
1992	1	49.5	5.36	41.31	19.58	26.57	33.62	21.74	8.98	-1.42	1.75	28.36	-13.96	-4.7	0.55	1.65	0.35
1992	2	44.54	5.2	26.29	19.78	26.89	34.05	22.54	7.2	-1.61	1.87	28.43	-14.33	-1.5	1.12	1.55	-0.81
1992	3	46.69	4.34	31.44	18.45	25.23	32.07	21.36	4.72	-0.97	1.99	28.66	-16.84	-3.3	0.98	1.28	1.12
1992	4	35.37	3.82	4.57	15.76	23.39	31.09	18.43	2.22	-1.95	2.27	29.05	-17.79	-1.7	-0.52	1.27	-0.62
1992	5	24.06	3.01	0.36	10.24	19.07	27.94	14.46	0.22	-1.5	2.13	29.01	-15.96	0.4	1.34	1.12	-0.21
1992	6	21.21	2.52	2.35	7.32	16.07	24.87	11.96	0.5	-0.75	1.71	28.35	-15.34	-1	-0.3	0.66	-0.17
1992	7	22.98	2.66	0.2	6.85	15.54	24.28	11.09	0.12	-0.83	0.93	27.56	-12.05	-1	0.19	0.27	1.17
1992	8	32.12	3.3	0.74	8.34	16.59	24.87	10.94	0.32	0.26	0.53	26.96	-4.75	0.6	0.54	0.04	1.19
1992	9	30.62	4.91	0.19	14.5	22.63	30.8	14.3	0.09	-1.68	0.51	26.66	1.3	0.1	-0.64	-0.21	-1.02
1992	10	47.35	5.16	26.94	17.68	24.51	31.38	17.67	4.26	-0.22	0.67	26.39	3.94	-2.3	-0.37	-0.45	0.81
1992	11	58.94	4.8	54.61	18.02	24.25	30.53	19.1	6.69	-0.29	0.6	26.6	6.33	-1.1	0.72	-0.2	1.26
1992	12	57.88	5.06	156.19	19.77	26	32.28	21.27	8.68	0.92	0.64	26.72	8.19	-0.9	1.63	-0.04	0.08
1993	1	54.98	4.94	71.37	19.44	25.56	31.74	21.26	6.68	-0.5	0.7	26.87	9.63	-1.5	3.5	0.17	-0.22
1993	2	60.81	4.14	84.23	19.35	24.71	30.12	22.51	8.15	0.09	1	27.2	10.81	-1.2	0.18	0.33	0.24
1993	3	51.26	3.86	25.35	17.41	23.55	29.75	21.21	6.22	-0.77	0.98	27.71	11.36	-0.8	0.76	0.35	-0.48
1993	4	41.35	3.48	17.16	14.99	22.11	29.29	18.25	4.43	-0.44	1.39	28.5	12.6	-1.9	-0.44	0.72	-1.67
1993	5	25.27	3.14	1.13	11.48	20.15	28.87	14.77	1.35	-2.01	1.99	28.7	13.56	-0.6	-1.61	0.81	0.96
1993	6	23.21	2.5	2.56	7.22	15.92	24.66	11.98	0.4	-0.56	1.46	28.08	6.55	-1.4	-0.52	0.38	0.04
1993	7	41.86	2.42	9.66	8.67	16.22	23.83	12.2	1.85	1.33	1.07	27.59	0.38	-1.3	-0.51	0.31	-0.31
1993	8	34.38	3.28	5.41	8.93	17.21	25.53	11.89	3.81	0.68	1	27.01	-1.2	-1.6	-0.39	0.09	0.52
1993	9	27.69	4.87	5.13	13.14	21.84	30.59	14.09	4.02	-1	0.98	27.14	-1.14	-1.2	-0.36	0.27	-0.44
1993	10	51.71	5.04	19.94	17.28	24.1	30.96	16.99	2.94	-0.48	1.06	27.01	-4.04	-1.8	-0.56	0.16	1.14
1993	11	64.63	4.42	116.2	17.69	23.52	29.41	19.12	10.15	1.23	0.82	26.92	-5.76	-0.1	1	0.13	0.83
1993	12	59.16	4.77	102.57	18.87	24.98	31.14	21.27	9.71	0.27	0.56	26.79	-6	0.3	-0.1	0.04	0.89
1994	1	59.2	4.54	75.1	18.82	24.47	30.19	21.1	6.69	-0.21	0.33	26.74	-7.64	-0.2	-0.29	0.05	0.47
1994	2	56.57	4.31	50.94	18.21	24.1	30.03	20.9	6.85	-0.52	0.19	26.97	-9.84	0.4	-0.86	0.1	-1.16
1994	3	39.74	4.54	22.65	17.14	24.4	31.72	19.33	4.07	-1.44	0.16	27.52	-11.29	-1.1	1.88	0.15	-0.22
1994	4	35.54	3.72	8.46	13.99	21.86	29.77	16.39	2.75	-1.47	0.42	28.13	-14.71	-2.1	0.22	0.33	-0.14
1994	5	21.81	3.06	1.55	9.28	18.34	27.45	12.95	1.96	-1.59	0.52	28.27	-18.03	-1.1	-0.12	0.37	1.08
1994	6	24.73	2.47	0.22	6.05	14.94	23.87	10.8	0.26	-0.72	0.73	28.09	-23.09	-0.7	1.61	0.4	0.48
1994	7	21.91	2.52	0.82	4.8	13.73	22.72	10.06	0.23	0.19	0.81	27.68	-28.65	-2.2	0.35	0.38	1.11
1994	8	26.31	3.45	2.12	7.83	16.69	25.62	10.77	3.81	-0.21	0.73	27.4	-27.02	-2	0.83	0.46	2.59
1994	9	27.87	4.81	2.48	12.16	20.95	29.79	12.95	1	-1.08	0.88	27.25	-19.07	-2.6	-0.08	0.37	-0.93
1994	10	47.82	4.8	40.94	14.43	21.55	28.72	14.85	5.17	0.62	1.43	27.53	-10.29	-1.9	0.17	0.69	0.46
1994	11	49.92	5.14	34.62	17.56	24.53	31.55	19.39	6.5	-1.08	1.28	27.95	-0.3	-0.9	1.78	1.16	0.77
1994	12	53.96	5.2	94.02	18.63	25.45	32.32	20.14	7.51	-0.17	1.18	28.02	5.93	-2	0.89	1.26	0.27
1995	1	52.93	5.01	93.77	19.62	25.96	32.35	22.25	7.69	-0.15	1.2	27.74	8.38	-0.7	-0.15	1.04	-0.18
1995	2	51.25	4.73	80.15	19.52	25.92	32.38	22.7	6.71	-0.26	0.96	27.67	8.01	-0.2	1.43	0.81	-2.05
1995	3	52.33	3.96	91.85	18.04	24.18	30.36	21.41	9.09	0.65	0.86	27.91	8.79	1.2	0.39	0.55	-1.04
1995	4	45.75	3.3	36.58	14.49	21.46	28.47	17.99	4.46	0.58	0.42	28.17	11.79	-1.1	-0.96	0.38	0.72
1995	5	57.98	2.25	21.19	11.36	17.92	24.53	15.35	1.47	1.75	0.49	27.87	14.92	-0.6	-0.89	-0.02	0.91
1995	6	25.46	2.5	0.73	6.15	14.86	23.62	10.18	0.21	-0.8	0.45	27.8	15.62	0.2	-0.11	0.11	-1.32
1995	7	26.73	2.58	0.32	6.96	15.58	24.24	11.6	0.16	-0.29	0.17	27.24	11.74	0.7	-0.22	-0.04	0.83
1995	8	31.43	3.46	3.76	10.08	18.43	26.83	12.53	0.43	-0.21	-0.22	26.42	9.53	0.5	0.54	-0.51	-0.74
1995	9	27.09	4.87	1	13.46	21.95	30.49	14.27	0.12	-1.41	-0.47	26.2	6.98	0.4	-0.55	-0.68	0.05
1995	10	45.55	5.38	21.97	18.09	25.29	32.54	18.26	5.07	-0.8	-0.49	26.08	3.43	0	0.08	-0.77	-0.42
1995	11	54.1	5.14	81.97	18.72	25.23	31.81	19.53	7.88	0.16	-0.5	25.82	-0.77	0.1	-0.72	-0.96	-1.76
1995	12	60.58	4.63	99.79	18.33	24.27	30.24	20.39	9.99	0.26	-0.56	25.86	-4.57	-0.8	-2.13	-0.88	-1.72
1996	1	57.45	4.53	219.33	19.68	24.92	30.21	22.57	13.05	1.58	-0.65	25.83	-5.79	1.6	-1.2	-0.83	-0.92
1996	2	55.66	4.15	161.46	19.2	24.18	29.21	22.52	12.34	1.12	-0.6	25.98	-6.9	0.4	0.16	-0.85	0.07
1996	3	47.17	3.89	36.33	16.6	22.67	28.78	19.77	5.99	-0.49	-0.26	26.73	-9.92	1.9	-1.48	-0.59	-0.3
1996	4	51.95	3.03	14.81	13.24	19.88	26.57	16.36	2.52	0.11	-0.5	27.42	-11.08	1.3	-1.52	-0.38	-2.12
1996	5	38.79	2.51	18.27	10.48	17.62	24.82	14.53	1.46	1.26	-0.18	27.65	-14.88	0.5	-0.23	-0.26	-1.46
1996	6	33.29	2.3	2.94	6.55	15.11	23.71	11.82	1.74	0.35	0	27.49	-17.03	1.9	0.5	-0.2	-0.09
1996	7	26.26	2.53	6.14	5.51	14.06	22.65	9.83	1.19	0.58	-0.22	27.02	-23.93	1.1	0.72	-0.26	1.66
1996	8	36.55	3.21	5.46	8.96	17.26	25.61	12.41	0.37	0.77	-0.41	26.75	-25.85	1.2	0.12	-0.18	-1.18
1996	9	34.83	4.62	2.44	12.76	21.32	29.93	14.21	2.93	-0.54	-0.5	26.44	-26.02	1	-1.14	-0.39	-1.41
1996	10	47.66	5.23	25.81	16.48	24.13	31.83	16.99	4.84	-0.49	-0.39	26.49	-23.4	1	0.18	-0.3	-0.78
1996	11	59.37	4.87	74.88	18.34	24.75	31.22	19.6	8.52	0.2	-0.16	26.43	-18.08	-0.1	0.14	-0.3	0.26
1996	12	55.87	4.83	95.03	18.98	24.94	30.94	21.45	7.85	0.12	-0.34	26.13	-9.86	1.5	-1.72	-0.57	0.6
1997	1	52.65	4.73	128.87	19.34	24.93	30.57	22.32	12.9	0.55	-0.49	26.09	-3.57	0.8	-0.46	-0.58	-2.31
1997	2	51.25	4.37	57.08	18.5	24.38	30.3	22.52	8.31	-0.49	-0.61	26.46	1.94	2.9	1.89	-0.38	-0.24
1997	3	65.6	3.39	144.9	17.86	23.25	28.68	21.5	6.33	1.58	-0.25	27.13	4.77	-0.7	1.09	-0.19	-0.16
1997	4	47.64	3.19	22.33	13.12	20.29	27.51	16.44	4.02	0.23	0.49	27.97	9.74	-1	0.32	0.18	-1.04
1997	5	28.62	2.72	9.71	8.55	16.77	25.04	12.59	2.76	0.38	1.12	28.63	12.37	-2.2	-0.96	0.71	1.21
1997	6	25.62	2.66	0.35	6	15.94	25.93	11.22	0.28	-999	2.31	28.86	14.5	-2.3	-0.82	1.17	-0.67
1997	7	24.98	2.45	4.84	7.02	15.03	23.1	11.7	0.34	0.87	2.74	28.86	14.85	-1.2	-0.43	1.58	0.4
1997	8	25.87	3.76	1.48	8.63	18.21	27.85	11.12	0.4	-1.63	2.99	28.69	11.69	-2.4	0.12	1.76	-0.34
1997	9	49.01	4.14	24.32	13.9	21.03	28.21	14.47	0.74	1.43	3	28.89	11.64	-2.4	0.2	2.06	0.38
1997	10	55.22	4.49	31.5	15.17	22.13	29.12	16.97	5.43	0.63	2.36	29.14	9.91	-2.4	-0.7	2.34	-2.15
1997	11	53.92	5.16	83.37	17.93	25	32.11	19.28	9.53	0.17	2.52	29.13	5.74	-2	-0.66	2.38	1.84
1997	12	54.94	5.15	52.54	19.22	26	32.83	21.58	5.04	-1.07	2.32	29.04	0.78	-1.6	-0.07	2.35	0.91
1998	1	56.26	4.76	113.57	19.92	25.55	31.24	22.45	10.04	0.37	2.48	28.98	-0.85	-4.4	-2.08	2.3	0.06
1998	2	46.08	4.8	30.94	19.25	25.64	32.06	22.78	6.14	-1.26	2.78	28.71	-2.96	-3.4	-0.18	1.88	0.67
1998	3	47.01	4.41	32.19	18.72	25.66	32.65	21.61	3.98	-1.04	2.75	28.66	-4.92	-4	-0.25	1.33	1.04
1998	4	42.95	3.58	8.16	14.97	22.71	30.51	18.37	1.74	-1.17	2.67	28.64	-7.82	-2.4	-0.04	0.85	2.32
1998	5	16.46	3.12	0.23	9.54	18.94	28.4	14.44	0.15	-2.07	2.17	28.47	-14.08	0.4	0.43	0.57	1.88
1998	6	24.71	2.77	0.26	6.56	16.37	26.23	10.56	0.15	-999	1.13	27.41	-18.57	1.6	-0.71	-0.27	-0.34
1998	7	20.01	2.69	1.19	7.35	16.02	24.74	11.72	0.15	-0.92	0.26	26.52	-22.97	2	-0.21	-0.75	-0.4
1998	8	27	3.33	1.03	9.09	17.37	25.7	12.36	0.17	0.14	-0.44	25.91	-24.7	1.9	0.65	-1	-0.02
1998	9	38.64	4.41	7.84	12.91	21.15	29.44	14.8	3.05	0.34	-0.67	25.66	-22.12	1.7	-1.05	-1.17	1.81
1998	10	57.91	4.7	45.9	16.37	23.16	29.99	16.75	5.12	0.76	-0.85	25.46	-18.77	1.8	0.29	-1.33	1.32
1998	11	61.63	4.67	102.23	18.29	24.35	30.45	19.58	9.27	0.96	-1.17	25.48	-12.22	1.7	-1.45	-1.25	0.34
1998	12	68.13	4.13	147.19	18.2	23.72	29.3	21.45	12.01	1.29	-1.01	25.12	-3.96	2.3	1.35	-1.57	0.6
1999	1	46.88	4.83	84.24	18.95	24.66	30.41	22.41	10.37	-0.18	-1.15	24.96	3.09	3	0.11	-1.7	0.08
1999	2	43.71	4.58	72.5	18.48	24.37	30.3	22.56	6.51	-0.36	-1.24	25.58	5.84	1.6	0.48	-1.25	1.51
1999	3	45.14	4.06	53.07	17.93	23.98	30.07	21.58	6.64	-0.18	-1.07	26.43	8.59	2.1	-1.49	-0.89	1.19
1999	4	44.62	3.39	12.37	14.5	21.73	29	17.85	1.63	-0.51	-1.02	26.92	13.51	2.3	0.28	-0.87	1.3
1999	5	27.03	2.87	8.9	10.85	18.77	26.73	14.54	1.44	-0.1	-0.68	26.99	15.56	0.4	0.23	-0.91	-0.3
1999	6	29.91	2.44	3.81	7.26	15.97	24.74	12.04	0.34	-0.2	-0.42	26.66	15.23	0.4	0.71	-1.02	0.32
1999	7	28.75	2.49	3.96	7.75	15.53	23.37	11.71	2.39	0.65	-0.47	26.28	14.11	0.9	0	-0.99	0.26
1999	8	30.6	3.33	3.04	8.87	17.51	26.2	12.52	0.26	0.31	-0.8	25.82	11.91	0.6	-0.67	-1.11	1.12
1999	9	39.2	4.43	5.54	12.32	20.12	27.97	12.32	2.18	0.14	-1	25.77	11.18	-0.1	0.06	-1.07	0.6
1999	10	45.06	4.91	30.64	14.47	21.74	29.06	14.92	2.89	0.15	-1.01	25.62	10.62	1.6	-0.01	-1.18	-0.45
1999	11	60.68	4.81	113.22	18.16	24.56	31.02	19.21	9.12	0.83	-1.08	25.2	6.01	1.7	0.61	-1.53	1.91
1999	12	64.06	4.69	81.52	18.6	24.94	31.32	20.66	10.72	-0.08	-1.21	24.97	6.43	2.4	1.04	-1.72	-1.12
2000	1	55.16	4.5	132.24	18.83	24.1	29.43	21.62	10.51	0.81	-1.2	24.88	4.85	1.1	1.27	-1.78	-0.21
2000	2	69.22	3.72	181.15	19.77	24.23	28.75	22.8	13.79	1.54	-1.25	25.23	4.2	2.7	1.08	-1.59	-0.41
2000	3	58.63	3.67	114.65	18.62	23.77	28.97	21.36	8.68	1.16	-1.14	26.27	5.51	2.2	-0.45	-1.05	0.01
2000	4	57.48	2.91	36.61	14.09	20.41	26.8	17.54	4.42	1.08	-0.52	26.99	3.98	2	-0.28	-0.8	-1.3
2000	5	26.98	2.67	15.34	8.6	16.63	24.71	12.87	3.93	0.98	0.16	27.1	-0.99	0.6	0.97	-0.81	-1.46
2000	6	44.75	2.18	17.48	8.32	15.56	22.84	12.02	1.46	1.63	-0.15	26.97	-7.83	-0.3	0.59	-0.72	0.57
2000	7	21.13	2.5	3.18	6.1	14.49	22.92	10.82	0.25	0.45	-0.21	26.69	-13.13	-0.3	-0.65	-0.58	1.07
2000	8	26.74	3.47	0.58	7.74	16.77	25.86	10.73	0.15	-0.55	-0.15	26.46	-15.31	1.2	0.14	-0.46	-0.86
2000	9	41.02	4.34	9.68	12.68	20.59	28.56	13.71	0.61	0.49	-0.25	26.32	-15.52	1.4	0.4	-0.51	0.52
2000	10	55.63	4.85	33.22	15.84	23.23	30.68	16.51	5.98	0.31	-0.38	26.11	-14.04	1.8	0.32	-0.67	1.14
2000	11	55.52	4.81	98.62	16.2	22.93	29.7	17.29	7.16	0.79	-0.76	26.01	-15.07	3	-1.58	-0.73	-0.23
2000	12	55.96	4.98	69.07	17.43	24.41	31.43	19.46	8.75	-0.54	-0.58	25.83	-14.56	1.3	-2.35	-0.85	-0.68
2001	1	40.25	5.53	46.19	18.48	25.71	32.98	20.79	2.73	-1.45	-0.54	25.93	-15.69	1.6	-0.96	-0.74	0.42
2001	2	67.44	3.85	157.14	19.07	24.15	29.28	21.97	12.63	1.2	-0.72	26.25	-15.53	2.8	-0.62	-0.58	1.57
2001	3	53	3.78	78.71	17.83	23.47	29.16	21.05	5.93	0.57	-0.61	26.89	-15.99	1.5	-1.69	-0.43	-1.05
2001	4	62.62	3.01	24.68	15.17	21.73	28.34	18.3	5.59	0.64	-0.15	27.39	-17.73	0.3	0.91	-0.4	1.1
2001	5	26.99	2.72	13.15	9.92	17.89	25.93	14.53	0.9	0.74	0.18	27.7	-20.99	-0.8	0.45	-0.21	-1.16
2001	6	29.25	2.35	4.89	6.69	15.13	23.63	11.62	2.18	0.46	-0.08	27.61	-23.31	0.5	-0.02	-0.08	0.41
2001	7	21.91	2.45	2.91	5.84	14.2	22.61	10.91	0.34	0.81	0.24	27.38	-24.45	-0.3	-0.03	0.1	-0.32
2001	8	30.88	3.62	1.26	9.71	18.63	27.59	11.89	0.09	-1.08	0.37	26.96	-21.67	-0.7	0.52	0.04	-0.27
2001	9	37.03	4.4	17.23	12.63	20.56	28.55	13.79	2.51	0.88	-0.13	26.75	-14.29	0.3	-0.71	-0.08	2.28
2001	10	53.92	4.86	38.68	15.94	23.07	30.24	16.16	7.13	0.46	-0.28	26.67	-10.81	-0.1	0.71	-0.12	-0.58
2001	11	69.55	4.25	131.21	17.92	23.49	29.12	19.2	8.76	1.65	-0.18	26.47	-3.88	1.1	0.82	-0.26	0.79
2001	12	62.64	4.55	130.21	19.06	24.69	30.36	21.27	10.66	0.81	0	26.32	1.48	-1.4	-1.32	-0.36	-0.35
2002	1	36.77	5.65	69.88	18.76	25.79	32.86	20.74	5.26	-0.94	-0.05	26.49	4.64	0.7	1.38	-0.18	-0.04
2002	2	44.7	4.92	22.23	18.71	25.3	31.94	21.22	3.31	-1.52	-0.21	26.83	8	1.8	1.3	0	0.87
2002	3	42.38	4.31	12.4	17.22	24.25	31.34	20.78	2.55	-1.52	-0.2	27.48	9.32	-0.4	0.9	0.16	0.73
2002	4	46.28	3.47	41.22	14.9	22.46	30.07	18.26	5.05	0.56	0.34	28	14.03	-0.1	0.75	0.2	0.21
2002	5	21.91	3.03	11.61	9.68	18.47	27.32	13.28	1.32	-0.25	0.78	28.43	14.16	-1.4	0.4	0.52	-0.79
2002	6	37.77	2.23	9.83	7.23	15.29	23.4	12.13	4.61	1.07	0.85	28.48	13.26	-0.4	0.57	0.79	-0.72
2002	7	26.7	2.67	0.64	6.52	15.67	24.87	11.38	1.78	-0.8	0.58	28.03	10.05	-0.8	0.33	0.75	-1.06
2002	8	36.87	3.43	3.49	10.5	18.66	26.86	12.53	0.26	-0.03	0.92	27.66	10.6	-1.6	-0.23	0.73	-1.64
2002	9	37.27	4.44	11.02	12.11	20.45	28.83	13.42	3.29	0.5	0.8	27.75	8.9	-1	-0.04	0.9	0.79
2002	10	51.33	5	31.85	16.05	23.5	31	16.65	5.52	0.18	0.95	27.94	7.66	-0.6	-1.49	1.14	-2.12
2002	11	46.24	5.3	24.3	17.07	24.3	31.59	18.49	2.31	-1.47	1.06	28.13	4.46	-0.7	-1.43	1.39	-1.51
2002	12	61.16	4.83	73.24	19.04	25.48	31.98	21.5	9.05	-0.34	1.1	28.09	-0.5	-1.8	-1.59	1.39	0.54
2003	1	47.12	5.39	74.45	19.84	26.64	33.48	22.32	4.14	-0.67	1.18	27.68	-1.39	-0.3	-0.47	1.01	-0.14
2003	2	45.24	4.95	62.11	19.74	26.17	32.64	22.93	8.03	-0.7	0.93	27.63	-1.43	-1.1	0.13	0.8	0.17
2003	3	34.91	4.62	43.26	17.15	24.46	31.84	19.79	5.61	-0.97	0.82	27.85	-3.3	-0.5	0.93	0.51	-1.01
2003	4	33.58	3.69	6.14	15.09	22.53	30.01	18.27	1.08	-1.46	0.31	27.75	-8.56	-0.2	-0.18	-0.05	1.58
2003	5	22.23	2.95	4.73	10.26	18.76	27.3	14.52	1.25	-0.72	0.05	27.42	-13.63	-0.5	1.02	-0.49	0.03
2003	6	47.65	2.16	18.58	8.04	15.45	22.91	12	5.94	1.74	0.03	27.57	-17.71	-1	-0.1	-0.12	0.76
2003	7	14.98	2.74	1.06	5.39	14.64	23.93	9.86	0.62	-1.29	0.07	27.67	-22.99	0.5	0.08	0.39	-1.94
2003	8	21.82	3.51	0.26	7.39	16.57	25.8	10.58	0.23	-0.76	0.23	27.33	-24.64	0.2	-0.28	0.41	-0.9
2003	9	25.87	4.72	4.6	12.63	21.03	29.48	13.85	2.15	-0.59	0.44	27.11	-22.51	-0.2	0.47	0.28	-2.17
2003	10	45.41	5.28	42.98	16.34	23.99	31.68	16.69	5.08	0.24	0.51	27.33	-20.34	0	-0.67	0.54	-0.42
2003	11	54.22	5.2	58.9	19.01	25.57	32.17	19.75	8.05	-0.48	0.52	27.13	-17.86	-0.5	0.64	0.4	0.69
2003	12	50.59	5.39	70.21	19.89	26.52	33.2	21.84	7.27	-0.85	0.31	27.06	-11.38	1.8	0.26	0.38	0.8
2004	1	64.71	4.6	106.63	20.03	25.85	31.71	22.15	9.64	0.37	0.3	26.91	-4.84	-2.2	-1.69	0.25	-1.58
2004	2	61.32	4.31	115.44	20.07	25.64	31.26	22.89	12.13	0.63	0.33	27.06	2.61	2	-1.53	0.23	0.6
2004	3	64.51	3.57	109.72	19.25	24.38	29.56	22.24	9.33	1.15	-0.12	27.4	5.45	0.7	0.32	0.08	0.13
2004	4	38.36	3.53	8.78	16.2	22.7	29.24	18.89	1.65	-0.97	0.22	27.92	10.46	-1.5	-0.41	0.12	0.49
2004	5	27.07	2.94	4.66	10.43	18.75	27.11	13.9	0.61	-0.71	0.47	28.04	12.97	1.7	-0.09	0.12	0.4
2004	6	28.36	2.38	0.93	7.1	15.2	23.36	11.26	0.67	-0.17	0.17	27.95	11.75	-1.4	-0.24	0.25	2.08
2004	7	23.81	2.62	5.1	6.92	15.43	23.98	11.14	2.32	0.05	0.45	27.88	9.96	-0.8	-0.2	0.59	0.34
2004	8	32.45	3.61	1.08	10.57	19.18	27.85	12.55	1.91	-1.06	0.67	27.68	8.74	-0.5	-0.72	0.74	-0.03
2004	9	24.37	4.69	5.56	12.6	20.64	28.73	13.33	0.45	-0.41	0.52	27.59	7.29	-0.6	0.86	0.76	0.26
2004	10	35.98	5.52	16.63	17.16	24.33	31.55	16.72	2.26	-1.18	0.47	27.55	8	-0.1	-0.52	0.76	0.89
2004	11	45.35	5.62	44.86	18.68	25.87	33.11	19.3	5.41	-1.18	0.78	27.39	4.35	-1.1	0.68	0.65	0.65
2004	12	56.85	5.07	123.52	20.19	26.23	32.32	21.91	9.59	0.5	0.64	27.4	2.45	-1.3	1.23	0.71	0.2
2005	1	55.85	5.03	50.13	20.7	26.78	32.92	23.14	6.53	-0.97	0.3	27.31	-0.69	0.6	0.36	0.64	-0.93
2005	2	46.69	4.96	93.45	20.14	26.56	33.03	23.3	7.42	-0.05	0.8	27.17	-0.96	-5.2	-1.27	0.34	0.34
2005	3	47.3	4.19	50.48	18.6	24.85	31.14	21.75	6.32	-0.3	1.02	27.64	-0.33	0.5	-1.35	0.31	-0.22
2005	4	47.04	3.35	22.81	15.57	22.25	28.99	18.63	4.83	0.11	0.56	28.02	-6.64	-1	-0.05	0.23	-0.18
2005	5	25.12	3.05	2.45	11.51	19.85	28.22	14.93	0.34	-1.44	0.76	28.3	-15.09	-1.3	-0.76	0.39	-0.08
2005	6	26.07	2.65	2.43	9.02	17.71	26.44	12.9	2.02	-999	0.49	27.99	-20.59	0.7	-0.38	0.3	0.79
2005	7	13.6	2.83	1.15	7.07	16.21	25.4	11.4	0.22	-1.86	0.48	27.45	-24.2	0.3	-0.03	0.18	-1.2
2005	8	30.6	3.58	0.34	11.62	19.75	27.93	13.72	0.27	-1.03	0.3	27.12	-25.87	-0.6	0.03	0.19	0.35
2005	9	20.96	5.12	2.84	13.92	22.55	31.22	14.26	0.31	-2.08	0.25	26.8	-27.8	0.6	0.8	-0.03	0.57
2005	10	30.34	5.8	15.46	16.91	24.66	32.46	16.71	1.76	-1.55	-0.16	26.72	-28.76	2	0.03	-0.07	1
2005	11	52.26	5.26	83.62	19.41	25.93	32.5	20.51	6.49	0.14	-0.41	26.14	-29.55	-0.3	0.23	-0.61	-1.84
2005	12	61.89	4.64	161.5	18.99	24.77	30.59	20.93	11.26	1.23	-0.59	25.81	-25.04	0	-2.1	-0.88	-2.04
2006	1	64.32	4.57	68.18	20.21	25.82	31.48	22.44	6.69	-0.32	-0.47	25.66	-18.83	2.7	-0.17	-1.01	0.71
2006	2	57.97	4.34	172.7	19.88	25.29	30.75	22.61	10.84	1.29	-0.46	26.15	-11.24	0.2	-0.16	-0.68	2.06
2006	3	62.87	3.57	102.79	17.83	23.35	28.92	20.56	7.4	1.04	-0.59	26.81	-0.38	2.9	-1.6	-0.52	0.49
2006	4	39.04	3.39	19.78	14.65	21.3	28	17.5	1.86	-0.1	-0.69	27.54	5	1.8	0.14	-0.26	0.56
2006	5	27.89	2.75	5.31	9.15	17.22	25.34	13.03	1.16	0.02	-0.04	27.91	10.36	-0.8	0.16	0.01	0.19
2006	6	28.11	2.44	2.48	6.8	15.44	24.12	11.31	0.44	-0.3	0.56	27.83	11.47	-0.4	1.07	0.14	-1.15
2006	7	17.01	2.8	1.04	7.45	16.44	25.47	11.7	0.16	-1.64	0.62	27.37	10.75	-1	0.1	0.1	-1
2006	8	20.92	3.41	7.09	8.9	17.22	25.59	12.09	3.98	0.44	0.75	27.26	9.1	-1.7	-0.26	0.34	-0.16
2006	9	23.46	4.67	9.08	12.26	20.46	28.72	13.36	1.71	-0.12	0.79	27.32	10.2	-1	0.61	0.5	0.05
2006	10	38.91	5.56	21.61	17.27	24.78	32.33	17.13	2.62	-0.97	0.89	27.48	10.86	-2.1	-1.03	0.69	0.67
2006	11	55.14	4.99	82.38	18.13	24.6	31.11	19.14	9.81	0.34	1.29	27.81	10.1	0.1	0.52	1.09	-1.84
2006	12	52.3	5.23	132.32	19.9	26.21	32.58	21.99	9.38	0.58	0.95	27.86	6.21	-0.5	2.28	1.18	1.18
2007	1	45.51	5.26	72.16	18.94	25.38	31.87	20.48	6.62	-0.78	0.97	27.38	2.61	-1.3	2.03	0.72	1.81
2007	2	40.35	5.22	42.35	19.66	26.51	33.42	22.53	5.33	-1.37	0.51	26.99	2.43	-0.1	-1.31	0.16	0.15
2007	3	43.8	4.36	50.76	18.22	25.1	32.03	21.56	6.2	-0.45	0.07	27.26	1.24	0.3	1.18	-0.07	-1.06
2007	4	41.23	3.51	31.26	15.47	22.41	29.39	18.24	4.85	0.26	-0.05	27.55	-5.18	-0.2	0.54	-0.25	-1.61
2007	5	19.3	2.96	3.18	9.38	18.13	26.93	13.7	0.86	-0.95	0.18	27.55	-14.06	-0.2	0.89	-0.36	-0.66
2007	6	18.85	2.58	4.42	7.32	16.04	24.81	11.47	0.84	-0.67	-0.36	27.54	-21.33	0.9	-0.56	-0.15	-0.17
2007	7	19.29	2.66	2.71	6.4	15.14	23.93	10.7	0.65	-0.51	-0.32	26.94	-24.92	-0.5	-0.4	-0.34	-0.09
2007	8	22.38	3.61	1.19	8.5	17.71	26.96	11.52	0.52	-1.06	-0.46	26.3	-27.41	0.7	-0.03	-0.64	0.02
2007	9	30.94	4.84	14.58	14.13	22.3	30.52	14.27	2.56	-0.1	-1.17	25.97	-28.13	0.3	0.18	-0.86	1.2
2007	10	52.86	4.62	71.11	16.04	22.44	28.88	16.57	7.22	1.48	-1.14	25.76	-29.05	1.2	0.38	-1.04	0.4
2007	11	56.21	4.88	86.99	18.04	24.44	30.88	19.53	7.57	0.53	-1.18	25.48	-27.61	1.4	-0.52	-1.25	-0.04
2007	12	58.02	4.6	59.54	18.71	24.31	29.96	21.27	8.58	-0.49	-1.17	25.38	-19.48	2.7	0.82	-1.3	0.37
2008	1	65.37	4.38	65.45	19.38	25.06	30.79	22.32	8.41	-0.25	-1.01	25.08	-12.42	2.9	0.82	-1.58	0.92
2008	2	46.55	4.85	63.03	19.13	25.66	32.24	22.27	5.44	-0.62	-1.4	25.19	-4.7	4.4	0.94	-1.64	0.01
2008	3	55.89	3.88	52.26	17.95	23.96	30.02	20.56	7.73	-0.03	-1.64	26.16	2.19	2.4	0.59	-1.16	-1.35
2008	4	35.02	3.58	17.79	13.55	21.12	28.73	16.23	4.58	-0.53	-0.94	26.97	6.43	1.1	-0.46	-0.82	0.28
2008	5	28.09	2.97	4.95	11.07	19.31	27.6	14.53	1.09	-0.76	-0.36	27.19	11.53	-0.1	-1.21	-0.71	-0.66
2008	6	27.41	2.58	2.81	8	16.68	25.42	11.95	0.87	-0.96	0.13	27.14	13.45	1	-0.09	-0.54	-0.36
2008	7	24.29	2.69	1.05	7.65	16.23	24.86	11.65	0.69	-0.87	-0.02	27	13.27	0.5	-0.48	-0.27	0.02
2008	8	22.91	3.77	1.11	10.27	19.25	28.28	12.51	0.48	-1.81	-0.28	26.81	11.63	1.7	-0.08	-0.11	-1.32
2008	9	23.59	5.07	3.32	13.04	21.89	30.79	13.1	0.84	-1.8	-0.64	26.7	11.6	2	-0.33	-0.13	-0.83
2008	10	34.7	5.62	27.83	17.02	24.56	32.15	16.98	3.28	-0.82	-0.78	26.66	11.05	2.1	1.68	-0.12	0.19
2008	11	59.16	4.95	91.26	19.08	25.33	31.62	19.98	7.2	0.61	-0.62	26.32	9.13	2.2	0.09	-0.41	0.33
2008	12	59.28	4.95	104.15	19.77	25.81	31.9	21.32	9.69	0.13	-0.67	25.88	10.46	2.4	0.65	-0.81	1.01
2009	1	59.31	4.9	96.41	20.36	26.47	32.63	22.49	12.23	0.04	-0.76	25.72	10.71	1.8	0.8	-0.94	0.01
2009	2	54.52	4.49	126.82	19.85	25.51	31.23	22.8	9.98	0.71	-0.72	26.09	12.33	3.1	-0.67	-0.74	1.71
2009	3	54.65	3.88	36.51	17.64	23.88	30.16	20.76	4.13	-0.42	-0.72	26.78	11.44	0.7	0.12	-0.54	0.22
2009	4	27.32	3.79	11.45	13.88	21.65	29.48	16.52	1.51	-1.33	-0.16	27.64	9.11	1.3	0.97	-0.16	0.02
2009	5	32.39	2.85	21.1	10.74	18.91	27.13	14.52	3.49	0.98	0.37	28.15	1.56	-0.2	1.19	0.24	-0.67
2009	6	26.69	2.55	14.47	8.66	16.93	25.25	12.44	2.16	0.64	0.96	28.12	-5.47	0.2	-1.35	0.43	-1.74
2009	7	26.32	2.47	12.77	6.31	14.77	23.28	11.3	4.78	1.38	0.93	27.81	-12.21	0.4	-1.36	0.53	1.2
2009	8	25.51	3.56	2.08	9.73	18.44	27.19	12.6	0.64	-0.78	0.93	27.53	-14.45	-0.3	-0.05	0.61	0.66
2009	9	31.64	4.82	11.74	14.17	22.31	30.51	14.39	2.91	-0.27	0.76	27.54	-13.81	0.5	0.88	0.7	-1.02
2009	10	41.6	5.32	41.96	16.95	24.1	31.32	16.8	4.68	0.13	1.02	27.78	-11.69	-2	-1.54	0.99	-2.05
2009	11	52.81	4.96	99.76	17.26	24.03	30.84	18.96	9.33	0.73	1.06	28.27	-13.83	-1	0.46	1.53	1.27
2009	12	49.78	5.25	73.5	19.27	25.82	32.42	21.73	10.24	-0.66	1	28.48	-15.57	-1.2	-3.41	1.78	-1.07
2010	1	65.15	4.56	105.42	19.75	25.77	31.83	22.41	8.61	0.38	1.15	28.25	-16.02	-1.8	-2.59	1.57	0.47
2010	2	53.84	4.58	58.41	19.45	25.62	31.83	22.56	3.97	-0.6	1.52	28.15	-16.98	-2.4	-4.27	1.31	0.23
2010	3	46.16	4.15	50.21	17.85	24.41	31.02	21.59	8.46	-0.32	1.39	28.32	-19.68	-1.1	-0.43	0.99	1.83
2010	4	60.45	2.96	48.41	16.15	21.93	27.76	19.26	8.42	1.38	0.86	28.43	-23.57	2	-0.28	0.63	0.88
2010	5	36.23	2.85	16.12	11.63	19.58	27.59	15.1	1.73	0.53	0.57	28.02	-26.28	1.5	-0.92	0.1	-2.5
2010	6	23.76	2.35	3.68	6.33	15.01	23.75	11.98	4.07	0.34	-0.47	27.23	-25.05	0.6	-0.01	-0.46	-0.08
2010	7	30.11	2.46	1.55	7.08	15.26	23.49	11.7	0.55	0.55	-1.21	26.38	-9.84	3	0.44	-0.89	-2.38
2010	8	20.18	3.48	0.19	8.06	17.16	26.31	12.01	0.26	-0.6	-1.85	25.63	1.45	3	-0.12	-1.29	0.41
2010	9	21.94	5	1.88	12.95	21.84	30.78	14.01	0.28	-1.79	-2.03	25.31	6.58	3.7	-0.86	-1.52	0.05
2010	10	36.24	5.73	16.3	16.52	24.72	32.97	16.69	4.5	-1.46	-1.94	25.27	10.83	2.9	-0.47	-1.53	0.67
2010	11	56.42	5.03	93.4	18.2	24.91	31.67	19.36	9.67	0.49	-1.6	25.32	12.16	2.1	-0.38	-1.42	-0.33
2010	12	52.04	5.03	92.82	18.75	25.03	31.36	21.08	10.16	-0.08	-1.58	25.28	10.97	4.8	-2.63	-1.4	-1.26


